E=550
    2.00    .12894E+07     .17614E-07  
    2.20    .87651E+06     .26353E-07  
    2.40    .61435E+06     .36339E-07  
    2.60    .44159E+06     .47488E-07  
    2.80    .32418E+06     .59721E-07  
    3.00    .24225E+06     .72962E-07  
    3.20    .18380E+06     .87139E-07  
    3.40    .14127E+06     .10219E-06  
    3.60    .10982E+06     .11804E-06  
    3.80    .86201E+05     .13465E-06  
    4.00    .68242E+05     .15195E-06  
    4.20    .54430E+05     .16988E-06  
    4.40    .43698E+05     .18841E-06  
    4.60    .35285E+05     .20747E-06  
    4.80    .28636E+05     .22702E-06  
    5.00    .23345E+05     .24701E-06  
    5.20    .19106E+05     .26739E-06  
    5.40    .15691E+05     .28811E-06  
    5.60    .12926E+05     .30911E-06  
    5.80    .10677E+05     .33035E-06  
    6.00    .88396E+04     .35178E-06  
    6.20    .73334E+04     .37332E-06  
    6.40    .60945E+04     .39494E-06  
    6.60    .50726E+04     .41656E-06  
    6.80    .42274E+04     .43812E-06  
    7.00    .35269E+04     .45955E-06  
    7.20    .29451E+04     .48079E-06  
    7.40    .24611E+04     .50175E-06  
    7.60    .20578E+04     .52237E-06  
    7.80    .17213E+04     .54256E-06  
    8.00    .14404E+04     .56224E-06  
    8.20    .12056E+04     .58133E-06  
    8.40    .10092E+04     .59974E-06  
    8.60    .84492E+03     .61739E-06  
    8.80    .70741E+03     .63420E-06  
    9.00    .59231E+03     .65008E-06  
    9.20    .49595E+03     .66498E-06  
    9.40    .41530E+03     .67885E-06  
    9.60    .34781E+03     .69164E-06  
    9.80    .29135E+03     .70335E-06  
   10.00    .24415E+03     .71400E-06  
   10.20    .20469E+03     .72366E-06  
   10.40    .17174E+03     .73245E-06  
   10.60    .14422E+03     .74055E-06  
   10.80    .12127E+03     .74824E-06  
   11.00    .10213E+03     .75585E-06  
   11.20    .86176E+02     .76382E-06  
   11.40    .72888E+02     .77270E-06  
   11.60    .61822E+02     .78311E-06  
   11.80    .52608E+02     .79577E-06  
   12.00    .44934E+02     .81143E-06  
   12.20    .38540E+02     .83089E-06  
   12.40    .33209E+02     .85490E-06  
   12.60    .28758E+02     .88415E-06  
   12.80    .25035E+02     .91917E-06  
   13.00    .21913E+02     .96034E-06  
   13.20    .19287E+02     .10078E-05  
   13.40    .17070E+02     .10614E-05  
   13.60    .15188E+02     .11209E-05  
   13.80    .13582E+02     .11856E-05  
   14.00    .12204E+02     .12548E-05  
   14.20    .11012E+02     .13277E-05  
   14.40    .99732E+01     .14034E-05  
   14.60    .90614E+01     .14810E-05  
   14.80    .82545E+01     .15595E-05  
   15.00    .75347E+01     .16381E-05  
E=600 
    2.00    .10772E+07     .25332E-07  
    2.20    .72987E+06     .36111E-07  
    2.40    .50965E+06     .48272E-07  
    2.60    .36479E+06     .61712E-07  
    2.80    .26653E+06     .76335E-07  
    3.00    .19814E+06     .92050E-07  
    3.20    .14948E+06     .10877E-06  
    3.40    .11420E+06     .12643E-06  
    3.60    .88191E+05     .14493E-06  
    3.80    .68746E+05     .16423E-06  
    4.00    .54023E+05     .18424E-06  
    4.20    .42753E+05     .20490E-06  
    4.40    .34043E+05     .22615E-06  
    4.60    .27252E+05     .24792E-06  
    4.80    .21917E+05     .27015E-06  
    5.00    .17699E+05     .29278E-06  
    5.20    .14343E+05     .31574E-06  
    5.40    .11658E+05     .33896E-06  
    5.60    .95015E+04     .36237E-06  
    5.80    .77611E+04     .38590E-06  
    6.00    .63517E+04     .40946E-06  
    6.20    .52067E+04     .43299E-06  
    6.40    .42738E+04     .45638E-06  
    6.60    .35119E+04     .47956E-06  
    6.80    .28884E+04     .50242E-06  
    7.00    .23772E+04     .52487E-06  
    7.20    .19575E+04     .54681E-06  
    7.40    .16126E+04     .56812E-06  
    7.60    .13287E+04     .58871E-06  
    7.80    .10950E+04     .60845E-06  
    8.00    .90249E+03     .62725E-06  
    8.20    .74386E+03     .64501E-06  
    8.40    .61315E+03     .66162E-06  
    8.60    .50543E+03     .67702E-06  
    8.80    .41670E+03     .69116E-06  
    9.00    .34363E+03     .70402E-06  
    9.20    .28348E+03     .71562E-06  
    9.40    .23401E+03     .72605E-06  
    9.60    .19334E+03     .73549E-06  
    9.80    .15992E+03     .74418E-06  
   10.00    .13250E+03     .75249E-06  
   10.20    .10999E+03     .76092E-06  
   10.40    .91544E+02     .77008E-06  
   10.60    .76423E+02     .78075E-06  
   10.80    .64035E+02     .79379E-06  
   11.00    .53884E+02     .81019E-06  
   11.20    .45563E+02     .83095E-06  
   11.40    .38735E+02     .85706E-06  
   11.60    .33125E+02     .88940E-06  
   11.80    .28504E+02     .92867E-06  
   12.00    .24688E+02     .97529E-06  
   12.20    .21523E+02     .10294E-05  
   12.40    .18885E+02     .10907E-05  
   12.60    .16673E+02     .11586E-05  
   12.80    .14806E+02     .12324E-05  
   13.00    .13216E+02     .13109E-05  
   13.20    .11852E+02     .13930E-05  
   13.40    .10670E+02     .14776E-05  
   13.60    .96367E+01     .15633E-05  
   13.80    .87242E+01     .16493E-05  
   14.00    .79115E+01     .17345E-05  
   14.20    .71818E+01     .18181E-05  
   14.40    .65218E+01     .18996E-05  
   14.60    .59212E+01     .19783E-05  
   14.80    .53719E+01     .20539E-05  
   15.00    .48676E+01     .21260E-05  
E=650
    2.00    .91063E+06     .34032E-07  
    2.20    .61477E+06     .46973E-07  
    2.40    .42746E+06     .61423E-07  
    2.60    .30451E+06     .77260E-07  
    2.80    .22132E+06     .94369E-07  
    3.00    .16359E+06     .11265E-06  
    3.20    .12265E+06     .13199E-06  
    3.40    .93075E+05     .15231E-06  
    3.60    .71366E+05     .17352E-06  
    3.80    .55208E+05     .19554E-06  
    4.00    .43036E+05     .21827E-06  
    4.20    .33770E+05     .24165E-06  
    4.40    .26649E+05     .26559E-06  
    4.60    .21133E+05     .29001E-06  
    4.80    .16829E+05     .31483E-06  
    5.00    .13450E+05     .33996E-06  
    5.20    .10783E+05     .36531E-06  
    5.40    .86670E+04     .39078E-06  
    5.60    .69815E+04     .41628E-06  
    5.80    .56339E+04     .44171E-06  
    6.00    .45531E+04     .46695E-06  
    6.20    .36840E+04     .49189E-06  
    6.40    .29835E+04     .51640E-06  
    6.60    .24179E+04     .54036E-06  
    6.80    .19605E+04     .56364E-06  
    7.00    .15901E+04     .58609E-06  
    7.20    .12900E+04     .60758E-06  
    7.40    .10467E+04     .62798E-06  
    7.60    .84926E+03     .64715E-06  
    7.80    .68913E+03     .66499E-06  
    8.00    .55924E+03     .68139E-06  
    8.20    .45392E+03     .69631E-06  
    8.40    .36855E+03     .70973E-06  
    8.60    .29941E+03     .72172E-06  
    8.80    .24344E+03     .73243E-06  
    9.00    .19817E+03     .74213E-06  
    9.20    .16159E+03     .75122E-06  
    9.40    .13205E+03     .76028E-06  
    9.60    .10822E+03     .77005E-06  
    9.80    .88999E+02     .78147E-06  
   10.00    .73502E+02     .79565E-06  
   10.20    .61008E+02     .81381E-06  
   10.40    .50929E+02     .83723E-06  
   10.60    .42789E+02     .86715E-06  
   10.80    .36201E+02     .90464E-06  
   11.00    .30855E+02     .95047E-06  
   11.20    .26500E+02     .10050E-05  
   11.40    .22933E+02     .10682E-05  
   11.60    .19993E+02     .11395E-05  
   11.80    .17551E+02     .12180E-05  
   12.00    .15504E+02     .13023E-05  
   12.20    .13771E+02     .13911E-05  
   12.40    .12289E+02     .14827E-05  
   12.60    .11006E+02     .15758E-05  
   12.80    .98848E+01     .16690E-05  
   13.00    .88940E+01     .17612E-05  
   13.20    .80103E+01     .18512E-05  
   13.40    .72159E+01     .19385E-05  
   13.60    .64969E+01     .20223E-05  
   13.80    .58429E+01     .21023E-05  
   14.00    .52457E+01     .21780E-05  
   14.20    .46992E+01     .22491E-05  
   14.40    .41986E+01     .23156E-05  
   14.60    .37401E+01     .23771E-05  
   14.80    .33206E+01     .24335E-05  
   15.00    .29375E+01     .24846E-05  
E=700
    2.00    .77744E+06     .43657E-07  
    2.20    .52269E+06     .58867E-07  
    2.40    .36174E+06     .75704E-07  
    2.60    .25635E+06     .94026E-07  
    2.80    .18524E+06     .11370E-06  
    3.00    .13607E+06     .13461E-06  
    3.20    .10133E+06     .15663E-06  
    3.40    .76335E+05     .17966E-06  
    3.60    .58077E+05     .20360E-06  
    3.80    .44559E+05     .22834E-06  
    4.00    .34432E+05     .25379E-06  
    4.20    .26770E+05     .27984E-06  
    4.40    .20921E+05     .30638E-06  
    4.60    .16422E+05     .33333E-06  
    4.80    .12939E+05     .36056E-06  
    5.00    .10226E+05     .38795E-06  
    5.20    .81029E+04     .41540E-06  
    5.40    .64341E+04     .44276E-06  
    5.60    .51177E+04     .46991E-06  
    5.80    .40761E+04     .49669E-06  
    6.00    .32498E+04     .52295E-06  
    6.20    .25929E+04     .54854E-06  
    6.40    .20698E+04     .57328E-06  
    6.60    .16528E+04     .59701E-06  
    6.80    .13201E+04     .61956E-06  
    7.00    .10544E+04     .64075E-06  
    7.20    .84227E+03     .66045E-06  
    7.40    .67287E+03     .67852E-06  
    7.60    .53763E+03     .69488E-06  
    7.80    .42972E+03     .70952E-06  
    8.00    .34368E+03     .72249E-06  
    8.20    .27513E+03     .73399E-06  
    8.40    .22057E+03     .74435E-06  
    8.60    .17718E+03     .75409E-06  
    8.80    .14271E+03     .76398E-06  
    9.00    .11534E+03     .77499E-06  
    9.20    .93631E+02     .78837E-06  
    9.40    .76406E+02     .80556E-06  
    9.60    .62738E+02     .82812E-06  
    9.80    .51881E+02     .85765E-06  
   10.00    .43240E+02     .89556E-06  
   10.20    .36344E+02     .94293E-06  
   10.40    .30816E+02     .10004E-05  
   10.60    .26359E+02     .10679E-05  
   10.80    .22740E+02     .11448E-05  
   11.00    .19775E+02     .12299E-05  
   11.20    .17319E+02     .13217E-05  
   11.40    .15263E+02     .14182E-05  
   11.60    .13518E+02     .15177E-05  
   11.80    .12020E+02     .16183E-05  
   12.00    .10717E+02     .17184E-05  
   12.20    .95714E+01     .18166E-05  
   12.40    .85534E+01     .19120E-05  
   12.60    .76413E+01     .20036E-05  
   12.80    .68188E+01     .20908E-05  
   13.00    .60736E+01     .21731E-05  
   13.20    .53965E+01     .22502E-05  
   13.40    .47805E+01     .23219E-05  
   13.60    .42201E+01     .23877E-05  
   13.80    .37110E+01     .24476E-05  
   14.00    .32495E+01     .25013E-05  
   14.20    .28325E+01     .25486E-05  
   14.40    .24573E+01     .25891E-05  
   14.60    .21211E+01     .26225E-05  
   14.80    .18214E+01     .26484E-05  
   15.00    .15558E+01     .26666E-05  
E=750
    2.00    .66919E+06     .54153E-07  
    2.20    .44787E+06     .71723E-07  
    2.40    .30837E+06     .91031E-07  
    2.60    .21728E+06     .11191E-06  
    2.80    .15603E+06     .13422E-06  
    3.00    .11383E+06     .15781E-06  
    3.20    .84151E+05     .18255E-06  
    3.40    .62900E+05     .20831E-06  
    3.60    .47456E+05     .23497E-06  
    3.80    .36088E+05     .26241E-06  
    4.00    .27625E+05     .29051E-06  
    4.20    .21265E+05     .31913E-06  
    4.40    .16446E+05     .34814E-06  
    4.60    .12768E+05     .37741E-06  
    4.80    .99446E+04     .40679E-06  
    5.00    .77656E+04     .43613E-06  
    5.20    .60765E+04     .46526E-06  
    5.40    .47624E+04     .49400E-06  
    5.60    .37371E+04     .52218E-06  
    5.80    .29350E+04     .54958E-06  
    6.00    .23064E+04     .57602E-06  
    6.20    .18131E+04     .60128E-06  
    6.40    .14256E+04     .62515E-06  
    6.60    .11210E+04     .64744E-06  
    6.80    .88154E+03     .66796E-06  
    7.00    .69332E+03     .68658E-06  
    7.20    .54544E+03     .70323E-06  
    7.40    .42933E+03     .71793E-06  
    7.60    .33825E+03     .73083E-06  
    7.80    .26686E+03     .74227E-06  
    8.00    .21098E+03     .75282E-06  
    8.20    .16728E+03     .76333E-06  
    8.40    .13314E+03     .77496E-06  
    8.60    .10648E+03     .78919E-06  
    8.80    .85677E+02     .80777E-06  
    9.00    .69429E+02     .83264E-06  
    9.20    .56726E+02     .86572E-06  
    9.40    .46771E+02     .90870E-06  
    9.60    .38941E+02     .96277E-06  
    9.80    .32750E+02     .10285E-05  
   10.00    .27818E+02     .11055E-05  
   10.20    .23854E+02     .11927E-05  
   10.40    .20632E+02     .12884E-05  
   10.60    .17980E+02     .13904E-05  
   10.80    .15766E+02     .14964E-05  
   11.00    .13891E+02     .16042E-05  
   11.20    .12280E+02     .17117E-05  
   11.40    .10878E+02     .18172E-05  
   11.60    .96431E+01     .19195E-05  
   11.80    .85453E+01     .20173E-05  
   12.00    .75621E+01     .21101E-05  
   12.20    .66770E+01     .21972E-05  
   12.40    .58780E+01     .22781E-05  
   12.60    .51558E+01     .23527E-05  
   12.80    .45035E+01     .24205E-05  
   13.00    .39156E+01     .24813E-05  
   13.20    .33873E+01     .25348E-05  
   13.40    .29146E+01     .25807E-05  
   13.60    .24937E+01     .26186E-05  
   13.80    .21211E+01     .26480E-05  
   14.00    .17932E+01     .26685E-05  
   14.20    .15066E+01     .26796E-05  
   14.40    .12580E+01     .26807E-05  
   14.60    .10440E+01     .26715E-05  
   14.80    .86123E+00     .26520E-05  
   15.00    .70654E+00     .26223E-05  
E=800
    2.00    .57997E+06     .65467E-07  
    2.20    .38623E+06     .85479E-07  
    2.40    .26446E+06     .10733E-06  
    2.60    .18519E+06     .13083E-06  
    2.80    .13210E+06     .15582E-06  
    3.00    .95670E+05     .18212E-06  
    3.20    .70168E+05     .20959E-06  
    3.40    .52008E+05     .23808E-06  
    3.60    .38888E+05     .26744E-06  
    3.80    .29291E+05     .29751E-06  
    4.00    .22197E+05     .32815E-06  
    4.20    .16905E+05     .35919E-06  
    4.40    .12928E+05     .39045E-06  
    4.60    .99197E+04     .42178E-06  
    4.80    .76314E+04     .45295E-06  
    5.00    .58830E+04     .48378E-06  
    5.20    .45421E+04     .51405E-06  
    5.40    .35106E+04     .54351E-06  
    5.60    .27154E+04     .57192E-06  
    5.80    .21013E+04     .59904E-06  
    6.00    .16264E+04     .62461E-06  
    6.20    .12590E+04     .64840E-06  
    6.40    .97469E+03     .67017E-06  
    6.60    .75468E+03     .68979E-06  
    6.80    .58454E+03     .70716E-06  
    7.00    .45306E+03     .72234E-06  
    7.20    .35157E+03     .73557E-06  
    7.40    .27331E+03     .74734E-06  
    7.60    .21305E+03     .75846E-06  
    7.80    .16669E+03     .77012E-06  
    8.00    .13107E+03     .78392E-06  
    8.20    .10371E+03     .80185E-06  
    8.40    .82688E+02     .82619E-06  
    8.60    .66523E+02     .85929E-06  
    8.80    .54062E+02     .90327E-06  
    9.00    .44420E+02     .95972E-06  
    9.20    .36915E+02     .10294E-05  
    9.40    .31026E+02     .11118E-05  
    9.60    .26357E+02     .12058E-05  
    9.80    .22608E+02     .13092E-05  
   10.00    .19553E+02     .14193E-05  
   10.20    .17023E+02     .15332E-05  
   10.40    .14893E+02     .16484E-05  
   10.60    .13072E+02     .17625E-05  
   10.80    .11493E+02     .18736E-05  
   11.00    .10106E+02     .19803E-05  
   11.20    .88770E+01     .20815E-05  
   11.40    .77802E+01     .21764E-05  
   11.60    .67974E+01     .22645E-05  
   11.80    .59153E+01     .23453E-05  
   12.00    .51239E+01     .24185E-05  
   12.20    .44152E+01     .24837E-05  
   12.40    .37829E+01     .25406E-05  
   12.60    .32214E+01     .25888E-05  
   12.80    .27256E+01     .26278E-05  
   13.00    .22906E+01     .26571E-05  
   13.20    .19117E+01     .26761E-05  
   13.40    .15843E+01     .26841E-05  
   13.60    .13037E+01     .26806E-05  
   13.80    .10654E+01     .26653E-05  
   14.00    .86502E+00     .26383E-05  
   14.20    .69816E+00     .26003E-05  
   14.40    .56075E+00     .25535E-05  
   14.60    .44892E+00     .25018E-05  
   14.80    .35904E+00     .24520E-05  
   15.00    .28777E+00     .24144E-05  
E=850
    2.00    .50557E+06     .77549E-07  
    2.20    .33488E+06     .10007E-06  
    2.40    .22792E+06     .12453E-06  
    2.60    .15856E+06     .15070E-06  
    2.80    .11229E+06     .17840E-06  
    3.00    .80688E+05     .20744E-06  
    3.20    .58684E+05     .23763E-06  
    3.40    .43106E+05     .26881E-06  
    3.60    .31924E+05     .30079E-06  
    3.80    .23802E+05     .33339E-06  
    4.00    .17844E+05     .36641E-06  
    4.20    .13436E+05     .39965E-06  
    4.40    .10153E+05     .43289E-06  
    4.60    .76932E+04     .46588E-06  
    4.80    .58413E+04     .49839E-06  
    5.00    .44417E+04     .53013E-06  
    5.20    .33810E+04     .56083E-06  
    5.40    .25752E+04     .59018E-06  
    5.60    .19621E+04     .61789E-06  
    5.80    .14952E+04     .64366E-06  
    6.00    .11395E+04     .66722E-06  
    6.20    .86854E+03     .68837E-06  
    6.40    .66225E+03     .70700E-06  
    6.60    .50534E+03     .72316E-06  
    6.80    .38611E+03     .73714E-06  
    7.00    .29565E+03     .74953E-06  
    7.20    .22709E+03     .76136E-06  
    7.40    .17522E+03     .77413E-06  
    7.60    .13599E+03     .78986E-06  
    7.80    .10635E+03     .81106E-06  
    8.00    .83930E+02     .84050E-06  
    8.20    .66951E+02     .88094E-06  
    8.40    .54046E+02     .93465E-06  
    8.60    .44185E+02     .10030E-05  
    8.80    .36587E+02     .10861E-05  
    9.00    .30671E+02     .11828E-05  
    9.20    .26001E+02     .12907E-05  
    9.40    .22255E+02     .14068E-05  
    9.60    .19197E+02     .15277E-05  
    9.80    .16653E+02     .16502E-05  
   10.00    .14499E+02     .17714E-05  
   10.20    .12646E+02     .18892E-05  
   10.40    .11030E+02     .20018E-05  
   10.60    .96068E+01     .21080E-05  
   10.80    .83442E+01     .22070E-05  
   11.00    .72198E+01     .22980E-05  
   11.20    .62173E+01     .23807E-05  
   11.40    .53245E+01     .24546E-05  
   11.60    .45320E+01     .25193E-05  
   11.80    .38317E+01     .25744E-05  
   12.00    .32166E+01     .26193E-05  
   12.20    .26800E+01     .26533E-05  
   12.40    .22157E+01     .26759E-05  
   12.60    .18174E+01     .26862E-05  
   12.80    .14788E+01     .26837E-05  
   13.00    .11939E+01     .26678E-05  
   13.20    .95683E+00     .26387E-05  
   13.40    .76175E+00     .25973E-05  
   13.60    .60322E+00     .25462E-05  
   13.80    .47610E+00     .24908E-05  
   14.00    .37562E+00     .24398E-05  
   14.20    .29743E+00     .24071E-05  
   14.40    .23759E+00     .24109E-05  
   14.60    .19263E+00     .24727E-05  
   14.80    .15948E+00     .26110E-05  
   15.00    .13553E+00     .28348E-05  
E=900 
    2.00    .44287E+06     .90353E-07  
    2.20    .29167E+06     .11545E-06  
    2.40    .19724E+06     .14256E-06  
    2.60    .13625E+06     .17143E-06  
    2.80    .95749E+05     .20186E-06  
    3.00    .68234E+05     .23363E-06  
    3.20    .49184E+05     .26652E-06  
    3.40    .35784E+05     .30033E-06  
    3.60    .26232E+05     .33484E-06  
    3.80    .19348E+05     .36980E-06  
    4.00    .14339E+05     .40499E-06  
    4.20    .10667E+05     .44014E-06  
    4.40    .79590E+04     .47496E-06  
    4.60    .59509E+04     .50915E-06  
    4.80    .44561E+04     .54239E-06  
    5.00    .33399E+04     .57433E-06  
    5.20    .25048E+04     .60461E-06  
    5.40    .18789E+04     .63289E-06  
    5.60    .14096E+04     .65883E-06  
    5.80    .10577E+04     .68215E-06  
    6.00    .79381E+03     .70268E-06  
    6.20    .59620E+03     .72041E-06  
    6.40    .44837E+03     .73560E-06  
    6.60    .33795E+03     .74890E-06  
    6.80    .25559E+03     .76144E-06  
    7.00    .19425E+03     .77495E-06  
    7.20    .14861E+03     .79184E-06  
    7.40    .11467E+03     .81506E-06  
    7.60    .89415E+02     .84794E-06  
    7.80    .70578E+02     .89365E-06  
    8.00    .56470E+02     .95471E-06  
    8.20    .45831E+02     .10324E-05  
    8.40    .37727E+02     .11262E-05  
    8.60    .31472E+02     .12343E-05  
    8.80    .26564E+02     .13535E-05  
    9.00    .22639E+02     .14798E-05  
    9.20    .19436E+02     .16093E-05  
    9.40    .16767E+02     .17384E-05  
    9.60    .14503E+02     .18644E-05  
    9.80    .12550E+02     .19849E-05  
   10.00    .10846E+02     .20985E-05  
   10.20    .93460E+01     .22040E-05  
   10.40    .80195E+01     .23007E-05  
   10.60    .68449E+01     .23880E-05  
   10.80    .58062E+01     .24654E-05  
   11.00    .48909E+01     .25324E-05  
   11.20    .40889E+01     .25885E-05  
   11.40    .33908E+01     .26330E-05  
   11.60    .27881E+01     .26651E-05  
   11.80    .22725E+01     .26841E-05  
   12.00    .18359E+01     .26890E-05  
   12.20    .14700E+01     .26791E-05  
   12.40    .11670E+01     .26543E-05  
   12.60    .91920E+00     .26151E-05  
   12.80    .71928E+00     .25638E-05  
   13.00    .56032E+00     .25054E-05  
   13.20    .43589E+00     .24492E-05  
   13.40    .34015E+00     .24102E-05  
   13.60    .26784E+00     .24095E-05  
   13.80    .21432E+00     .24721E-05  
   14.00    .17554E+00     .26205E-05  
   14.20    .14807E+00     .28646E-05  
   14.40    .12901E+00     .31941E-05  
   14.60    .11600E+00     .35788E-05  
   14.80    .10714E+00     .39795E-05  
   15.00    .10094E+00     .43611E-05  
E=950 
    2.00    .38958E+06     .10383E-06  
    2.20    .25500E+06     .13155E-06  
    2.40    .17127E+06     .16135E-06  
    2.60    .11743E+06     .19296E-06  
    2.80    .81849E+05     .22612E-06  
    3.00    .57816E+05     .26059E-06  
    3.20    .41281E+05     .29613E-06  
    3.40    .29731E+05     .33247E-06  
    3.60    .21560E+05     .36934E-06  
    3.80    .15720E+05     .40647E-06  
    4.00    .11510E+05     .44354E-06  
    4.20    .84540E+04     .48022E-06  
    4.40    .62234E+04     .51614E-06  
    4.60    .45884E+04     .55093E-06  
    4.80    .33861E+04     .58418E-06  
    5.00    .25001E+04     .61547E-06  
    5.20    .18464E+04     .64439E-06  
    5.40    .13637E+04     .67056E-06  
    5.60    .10074E+04     .69372E-06  
    5.80    .74462E+03     .71374E-06  
    6.00    .55099E+03     .73078E-06  
    6.20    .40856E+03     .74540E-06  
    6.40    .30395E+03     .75872E-06  
    6.60    .22726E+03     .77258E-06  
    6.80    .17110E+03     .78959E-06  
    7.00    .13000E+03     .81314E-06  
    7.20    .99913E+02     .84707E-06  
    7.40    .77830E+02     .89516E-06  
    7.60    .61548E+02     .96035E-06  
    7.80    .49450E+02     .10440E-05  
    8.00    .40357E+02     .11456E-05  
    8.20    .33419E+02     .12624E-05  
    8.40    .28023E+02     .13906E-05  
    8.60    .23735E+02     .15255E-05  
    8.80    .20248E+02     .16625E-05  
    9.00    .17350E+02     .17978E-05  
    9.20    .14894E+02     .19283E-05  
    9.40    .12779E+02     .20519E-05  
    9.60    .10937E+02     .21669E-05  
    9.80    .93220E+01     .22724E-05  
   10.00    .79016E+01     .23676E-05  
   10.20    .66533E+01     .24519E-05  
   10.40    .55599E+01     .25247E-05  
   10.60    .46078E+01     .25854E-05  
   10.80    .37847E+01     .26333E-05  
   11.00    .30795E+01     .26675E-05  
   11.20    .24813E+01     .26869E-05  
   11.40    .19796E+01     .26907E-05  
   11.60    .15638E+01     .26779E-05  
   11.80    .12238E+01     .26485E-05  
   12.00    .94959E+00     .26034E-05  
   12.20    .73184E+00     .25460E-05  
   12.40    .56177E+00     .24837E-05  
   12.60    .43131E+00     .24295E-05  
   12.80    .33319E+00     .24041E-05  
   13.00    .26095E+00     .24350E-05  
   13.20    .20900E+00     .25513E-05  
   13.40    .17254E+00     .27724E-05  
   13.60    .14757E+00     .30952E-05  
   13.80    .13080E+00     .34909E-05  
   14.00    .11964E+00     .39146E-05  
   14.20    .11204E+00     .43232E-05  
   14.40    .10648E+00     .46873E-05  
   14.60    .10187E+00     .49941E-05  
   14.80    .97470E-01     .52423E-05  
   15.00    .92818E-01     .54368E-05  
E=1000 
    2.00    .34392E+06     .11795E-06  
    2.20    .22365E+06     .14834E-06  
    2.40    .14913E+06     .18085E-06  
    2.60    .10144E+06     .21519E-06  
    2.80    .70097E+05     .25107E-06  
    3.00    .49055E+05     .28821E-06  
    3.20    .34677E+05     .32630E-06  
    3.40    .24708E+05     .36503E-06  
    3.60    .17714E+05     .40409E-06  
    3.80    .12760E+05     .44310E-06  
    4.00    .92237E+04     .48169E-06  
    4.20    .66840E+04     .51943E-06  
    4.40    .48515E+04     .55588E-06  
    4.60    .35249E+04     .59055E-06  
    4.80    .25622E+04     .62298E-06  
    5.00    .18629E+04     .65267E-06  
    5.20    .13546E+04     .67924E-06  
    5.40    .98526E+03     .70239E-06  
    5.60    .71722E+03     .72211E-06  
    5.80    .52297E+03     .73875E-06  
    6.00    .38245E+03     .75325E-06  
    6.20    .28098E+03     .76732E-06  
    6.40    .20783E+03     .78364E-06  
    6.60    .15515E+03     .80582E-06  
    6.80    .11721E+03     .83821E-06  
    7.00    .89826E+02     .88529E-06  
    7.20    .69977E+02     .95077E-06  
    7.40    .55472E+02     .10366E-05  
    7.60    .44745E+02     .11424E-05  
    7.80    .36679E+02     .12653E-05  
    8.00    .30487E+02     .14006E-05  
    8.20    .25617E+02     .15430E-05  
    8.40    .21690E+02     .16873E-05  
    8.60    .18446E+02     .18290E-05  
    8.80    .15709E+02     .19648E-05  
    9.00    .13363E+02     .20924E-05  
    9.20    .11328E+02     .22101E-05  
    9.40    .95541E+01     .23168E-05  
    9.60    .80043E+01     .24119E-05  
    9.80    .66533E+01     .24945E-05  
   10.00    .54817E+01     .25641E-05  
   10.20    .44732E+01     .26198E-05  
   10.40    .36130E+01     .26606E-05  
   10.60    .28871E+01     .26854E-05  
   10.80    .22820E+01     .26931E-05  
   11.00    .17840E+01     .26827E-05  
   11.20    .13801E+01     .26537E-05  
   11.40    .10575E+01     .26072E-05  
   11.60    .80410E+00     .25469E-05  
   11.80    .60874E+00     .24811E-05  
   12.00    .46108E+00     .24255E-05  
   12.20    .35190E+00     .24049E-05  
   12.40    .27309E+00     .24520E-05  
   12.60    .21766E+00     .25996E-05  
   12.80    .17972E+00     .28653E-05  
   13.00    .15443E+00     .32365E-05  
   13.20    .13789E+00     .36712E-05  
   13.40    .12705E+00     .41159E-05  
   13.60    .11961E+00     .45262E-05  
   13.80    .11391E+00     .48777E-05  
   14.00    .10880E+00     .51636E-05  
   14.20    .10356E+00     .53873E-05  
   14.40    .97803E-01     .55567E-05  
   14.60    .91374E-01     .56800E-05  
   14.80    .84294E-01     .57643E-05  
   15.00    .76695E-01     .58149E-05  
E=1050 
    2.00    .30453E+06     .13266E-06  
    2.20    .19668E+06     .16575E-06  
    2.40    .13015E+06     .20099E-06  
    2.60    .87787E+05     .23806E-06  
    2.80    .60114E+05     .27663E-06  
    3.00    .41657E+05     .31635E-06  
    3.20    .29137E+05     .35688E-06  
    3.40    .20527E+05     .39783E-06  
    3.60    .14541E+05     .43881E-06  
    3.80    .10341E+05     .47937E-06  
    4.00    .73755E+04     .51903E-06  
    4.20    .52697E+04     .55728E-06  
    4.40    .37692E+04     .59355E-06  
    4.60    .26973E+04     .62731E-06  
    4.80    .19306E+04     .65800E-06  
    5.00    .13820E+04     .68517E-06  
    5.20    .98977E+03     .70856E-06  
    5.40    .70963E+03     .72823E-06  
    5.60    .50992E+03     .74477E-06  
    5.80    .36782E+03     .75957E-06  
    6.00    .26692E+03     .77502E-06  
    6.20    .19539E+03     .79472E-06  
    6.40    .14470E+03     .82330E-06  
    6.60    .10875E+03     .86599E-06  
    6.80    .83150E+02     .92756E-06  
    7.00    .64789E+02     .10111E-05  
    7.20    .51464E+02     .11170E-05  
    7.40    .41630E+02     .12426E-05  
    7.60    .34210E+02     .13831E-05  
    7.80    .28464E+02     .15321E-05  
    8.00    .23892E+02     .16837E-05  
    8.20    .20153E+02     .18326E-05  
    8.40    .17026E+02     .19750E-05  
    8.60    .14363E+02     .21081E-05  
    8.80    .12069E+02     .22301E-05  
    9.00    .10081E+02     .23400E-05  
    9.20    .83563E+01     .24368E-05  
    9.40    .68650E+01     .25197E-05  
    9.60    .55837E+01     .25879E-05  
    9.80    .44924E+01     .26404E-05  
   10.00    .35731E+01     .26760E-05  
   10.20    .28081E+01     .26934E-05  
   10.40    .21804E+01     .26912E-05  
   10.60    .16730E+01     .26688E-05  
   10.80    .12696E+01     .26263E-05  
   11.00    .95453E+00     .25667E-05  
   11.20    .71331E+00     .24978E-05  
   11.40    .53253E+00     .24351E-05  
   11.60    .40022E+00     .24050E-05  
   11.80    .30587E+00     .24440E-05  
   12.00    .24047E+00     .25909E-05  
   12.20    .19648E+00     .28676E-05  
   12.40    .16773E+00     .32604E-05  
   12.60    .14932E+00     .37204E-05  
   12.80    .13747E+00     .41856E-05  
   13.00    .12939E+00     .46076E-05  
   13.20    .12308E+00     .49618E-05  
   13.40    .11724E+00     .52436E-05  
   13.60    .11106E+00     .54592E-05  
   13.80    .10418E+00     .56179E-05  
   14.00    .96469E-01     .57290E-05  
   14.20    .88039E-01     .57998E-05  
   14.40    .79097E-01     .58356E-05  
   14.60    .69911E-01     .58395E-05  
   14.80    .60764E-01     .58132E-05  
   15.00    .51919E-01     .57570E-05  
E=1100 
    2.00    .27035E+06     .14793E-06  
    2.20    .17334E+06     .18374E-06  
    2.40    .11379E+06     .22172E-06  
    2.60    .76078E+05     .26150E-06  
    2.80    .51600E+05     .30270E-06  
    3.00    .35389E+05     .34491E-06  
    3.20    .24479E+05     .38771E-06  
    3.40    .17042E+05     .43066E-06  
    3.60    .11920E+05     .47325E-06  
    3.80    .83650E+04     .51494E-06  
    4.00    .58825E+04     .55515E-06  
    4.20    .41417E+04     .59323E-06  
    4.40    .29178E+04     .62856E-06  
    4.60    .20559E+04     .66052E-06  
    4.80    .14489E+04     .68859E-06  
    5.00    .10217E+04     .71251E-06  
    5.20    .72143E+03     .73241E-06  
    5.40    .51082E+03     .74915E-06  
    5.60    .36343E+03     .76456E-06  
    5.80    .26050E+03     .78178E-06  
    6.00    .18871E+03     .80537E-06  
    6.20    .13865E+03     .84099E-06  
    6.40    .10366E+03     .89457E-06  
    6.60    .79053E+02     .97083E-06  
    6.80    .61575E+02     .10718E-05  
    7.00    .48958E+02     .11960E-05  
    7.20    .39648E+02     .13386E-05  
    7.40    .32590E+02     .14928E-05  
    7.60    .27076E+02     .16515E-05  
    7.80    .22638E+02     .18085E-05  
    8.00    .18972E+02     .19589E-05  
    8.20    .15880E+02     .20995E-05  
    8.40    .13238E+02     .22281E-05  
    8.60    .10964E+02     .23433E-05  
    8.80    .90053E+01     .24442E-05  
    9.00    .73236E+01     .25297E-05  
    9.20    .58903E+01     .25990E-05  
    9.40    .46809E+01     .26508E-05  
    9.60    .36727E+01     .26838E-05  
    9.80    .28440E+01     .26964E-05  
   10.00    .21732E+01     .26873E-05  
   10.20    .16396E+01     .26557E-05  
   10.40    .12228E+01     .26030E-05  
   10.60    .90398E+00     .25345E-05  
   10.80    .66541E+00     .24629E-05  
   11.00    .49128E+00     .24120E-05  
   11.20    .36761E+00     .24192E-05  
   11.40    .28239E+00     .25298E-05  
   11.60    .22553E+00     .27783E-05  
   11.80    .18881E+00     .31629E-05  
   12.00    .16570E+00     .36361E-05  
   12.20    .15119E+00     .41273E-05  
   12.40    .14159E+00     .45770E-05  
   12.60    .13430E+00     .49536E-05  
   12.80    .12762E+00     .52507E-05  
   13.00    .12056E+00     .54749E-05  
   13.20    .11263E+00     .56371E-05  
   13.40    .10374E+00     .57478E-05  
   13.60    .94004E-01     .58151E-05  
   13.80    .83720E-01     .58447E-05  
   14.00    .73227E-01     .58399E-05  
   14.20    .62873E-01     .58020E-05  
   14.40    .52975E-01     .57311E-05  
   14.60    .43789E-01     .56261E-05  
   14.80    .35503E-01     .54856E-05  
   15.00    .28234E-01     .53084E-05  
E=1150 
    2.00    .24054E+06     .16372E-06  
    2.20    .15305E+06     .20226E-06  
    2.40    .99623E+05     .24297E-06  
    2.60    .65996E+05     .28542E-06  
    2.80    .44314E+05     .32917E-06  
    3.00    .30064E+05     .37374E-06  
    3.20    .20555E+05     .41863E-06  
    3.40    .14133E+05     .46329E-06  
    3.60    .97555E+04     .50712E-06  
    3.80    .67509E+04     .54945E-06  
    4.00    .46785E+04     .58958E-06  
    4.20    .32445E+04     .62677E-06  
    4.40    .22506E+04     .66031E-06  
    4.60    .15615E+04     .68963E-06  
    4.80    .10840E+04     .71441E-06  
    5.00    .75376E+03     .73486E-06  
    5.20    .52581E+03     .75203E-06  
    5.40    .36888E+03     .76822E-06  
    5.60    .26106E+03     .78731E-06  
    5.80    .18708E+03     .81483E-06  
    6.00    .13630E+03     .85744E-06  
    6.20    .10131E+03     .92164E-06  
    6.40    .77006E+02     .10119E-05  
    6.60    .59895E+02     .11289E-05  
    6.80    .47599E+02     .12691E-05  
    7.00    .38522E+02     .14257E-05  
    7.20    .31606E+02     .15906E-05  
    7.40    .26160E+02     .17561E-05  
    7.60    .21740E+02     .19161E-05  
    7.80    .18064E+02     .20663E-05  
    8.00    .14953E+02     .22038E-05  
    8.20    .12297E+02     .23270E-05  
    8.40    .10024E+02     .24346E-05  
    8.60    .80855E+01     .25256E-05  
    8.80    .64437E+01     .25989E-05  
    9.00    .50685E+01     .26531E-05  
    9.20    .39317E+01     .26868E-05  
    9.40    .30062E+01     .26980E-05  
    9.60    .22657E+01     .26853E-05  
    9.80    .16841E+01     .26482E-05  
   10.00    .12367E+01     .25887E-05  
   10.20    .90031E+00     .25144E-05  
   10.40    .65362E+00     .24428E-05  
   10.60    .47769E+00     .24059E-05  
   10.80    .35604E+00     .24509E-05  
   11.00    .27473E+00     .26278E-05  
   11.20    .22230E+00     .29605E-05  
   11.40    .18960E+00     .34208E-05  
   11.60    .16956E+00     .39358E-05  
   11.80    .15694E+00     .44284E-05  
   12.00    .14804E+00     .48500E-05  
   12.20    .14040E+00     .51845E-05  
   12.40    .13257E+00     .54365E-05  
   12.60    .12379E+00     .56180E-05  
   12.80    .11386E+00     .57412E-05  
   13.00    .10291E+00     .58160E-05  
   13.20    .91280E-01     .58489E-05  
   13.40    .79383E-01     .58441E-05  
   13.60    .67653E-01     .58031E-05  
   13.80    .56479E-01     .57258E-05  
   14.00    .46174E-01     .56112E-05  
   14.20    .36960E-01     .54574E-05  
   14.40    .28967E-01     .52634E-05  
   14.60    .22241E-01     .50312E-05  
   14.80    .16755E-01     .47700E-05  
   15.00    .12425E-01     .45037E-05  
E=1200 
    2.00    .21441E+06     .18000E-06  
    2.20    .13534E+06     .22127E-06  
    2.40    .87319E+05     .26469E-06  
    2.60    .57287E+05     .30976E-06  
    2.80    .38064E+05     .35595E-06  
    3.00    .25533E+05     .40272E-06  
    3.20    .17245E+05     .44945E-06  
    3.40    .11704E+05     .49550E-06  
    3.60    .79680E+04     .54011E-06  
    3.80    .54346E+04     .58251E-06  
    4.00    .37099E+04     .62186E-06  
    4.20    .25333E+04     .65736E-06  
    4.40    .17303E+04     .68832E-06  
    4.60    .11825E+04     .71435E-06  
    4.80    .80955E+03     .73567E-06  
    5.00    .55621E+03     .75349E-06  
    5.20    .38457E+03     .77049E-06  
    5.40    .26856E+03     .79125E-06  
    5.60    .19024E+03     .82226E-06  
    5.80    .13731E+03     .87117E-06  
    6.00    .10136E+03     .94499E-06  
    6.20    .76696E+02     .10478E-05  
    6.40    .59485E+02     .11789E-05  
    6.60    .47174E+02     .13329E-05  
    6.80    .38086E+02     .15012E-05  
    7.00    .31135E+02     .16745E-05  
    7.20    .25630E+02     .18449E-05  
    7.40    .21137E+02     .20066E-05  
    7.60    .17388E+02     .21556E-05  
    7.80    .14218E+02     .22896E-05  
    8.00    .11523E+02     .24070E-05  
    8.20    .92369E+01     .25066E-05  
    8.40    .73108E+01     .25873E-05  
    8.60    .57057E+01     .26475E-05  
    8.80    .43867E+01     .26855E-05  
    9.00    .33203E+01     .26993E-05  
    9.20    .24739E+01     .26872E-05  
    9.40    .18157E+01     .26485E-05  
    9.60    .13152E+01     .25856E-05  
    9.80    .94401E+00     .25074E-05  
   10.00    .67611E+00     .24349E-05  
   10.20    .48863E+00     .24069E-05  
   10.40    .36183E+00     .24787E-05  
   10.60    .27923E+00     .27038E-05  
   10.80    .22747E+00     .30962E-05  
   11.00    .19610E+00     .36059E-05  
   11.20    .17722E+00     .41433E-05  
   11.40    .16515E+00     .46305E-05  
   11.60    .15603E+00     .50290E-05  
   11.80    .14744E+00     .53331E-05  
   12.00    .13807E+00     .55538E-05  
   12.20    .12739E+00     .57055E-05  
   12.40    .11542E+00     .58005E-05  
   12.60    .10249E+00     .58479E-05  
   12.80    .89101E-01     .58530E-05  
   13.00    .75783E-01     .58184E-05  
   13.20    .63030E-01     .57444E-05  
   13.40    .51244E-01     .56299E-05  
   13.60    .40716E-01     .54729E-05  
   13.80    .31616E-01     .52722E-05  
   14.00    .24006E-01     .50298E-05  
   14.20    .17854E-01     .47560E-05  
   14.40    .13058E-01     .44791E-05  
   14.60    .94653E-02     .42606E-05  
   14.80    .68937E-02     .42114E-05  
   15.00    .51515E-02     .44848E-05  
E=1250
   1.987    0.19519E+06 0.19420E-06
   2.186    0.12198E+06 0.23804E-06
   2.385    0.77846E+05 0.28413E-06
   2.583    0.50464E+05 0.33194E-06
   2.782    0.33098E+05 0.38091E-06
   2.981    0.21893E+05 0.43039E-06
   3.180    0.14567E+05 0.47970E-06
   3.378    0.97301E+04 0.52805E-06
   3.577    0.65142E+04 0.57454E-06
   3.776    0.43661E+04 0.61821E-06
   3.974    0.29277E+04 0.65806E-06
   4.173    0.19637E+04 0.69315E-06
   4.372    0.13181E+04 0.72280E-06
   4.571    0.88651E+03 0.74688E-06
   4.769    0.59874E+03 0.76634E-06
   4.968    0.40740E+03 0.78376E-06
   5.167    0.28045E+03 0.80396E-06
   5.365    0.19629E+03 0.83402E-06
   5.564    0.14036E+03 0.88244E-06
   5.763    0.10294E+03 0.95694E-06
   5.962    0.77555E+02 0.10617E-05
   6.160    0.59958E+02 0.11958E-05
   6.359    0.47385E+02 0.13530E-05
   6.558    0.38070E+02 0.15244E-05
   6.757    0.30898E+02 0.17011E-05
   6.955    0.25181E+02 0.18754E-05
   7.154    0.20497E+02 0.20420E-05
   7.353    0.16593E+02 0.21973E-05
   7.552    0.13314E+02 0.23392E-05
   7.750    0.10560E+02 0.24657E-05
   7.949    0.82624E+01 0.25755E-05
   8.148    0.63673E+01 0.26667E-05
   8.346    0.48275E+01 0.27369E-05
   8.545    0.35982E+01 0.27834E-05
   8.744    0.26364E+01 0.28032E-05
   8.943    0.19007E+01 0.27937E-05
   9.141    0.13516E+01 0.27547E-05
   9.340    0.95297E+00 0.26921E-05
   9.539    0.67232E+00 0.26246E-05
   9.738    0.48139E+00 0.25906E-05
   9.936    0.35635E+00 0.26474E-05
  10.135    0.27776E+00 0.28486E-05
  10.334    0.23027E+00 0.32029E-05
  10.533    0.20224E+00 0.36572E-05
  10.731    0.18525E+00 0.41315E-05
  10.930    0.17349E+00 0.45649E-05
  11.129    0.16331E+00 0.49309E-05
  11.328    0.15265E+00 0.52276E-05
  11.526    0.14060E+00 0.54630E-05
  11.725    0.12705E+00 0.56471E-05
  11.924    0.11236E+00 0.57880E-05
  12.123    0.97115E-01 0.58909E-05
  12.321    0.81968E-01 0.59587E-05
  12.520    0.67527E-01 0.59920E-05
  12.719    0.54277E-01 0.59895E-05
  12.918    0.42558E-01 0.59485E-05
  13.116    0.32556E-01 0.58660E-05
  13.315    0.24320E-01 0.57404E-05
  13.514    0.17784E-01 0.55754E-05
  13.713    0.12798E-01 0.53889E-05
  13.911    0.91578E-02 0.52267E-05
  14.110    0.66324E-02 0.51787E-05
  14.309    0.49854E-02 0.53701E-05
  14.508    0.39938E-02 0.58912E-05
  14.706    0.34596E-02 0.66889E-05
  14.905    0.32170E-02 0.75707E-05
E=1300
   1.987    0.17460E+06 0.21114E-06
   2.185    0.10816E+06 0.25774E-06
   2.384    0.68357E+05 0.30652E-06
   2.583    0.43845E+05 0.35689E-06
   2.781    0.28427E+05 0.40816E-06
   2.980    0.18571E+05 0.45959E-06
   3.179    0.12193E+05 0.51033E-06
   3.377    0.80300E+04 0.55945E-06
   3.576    0.52969E+04 0.60588E-06
   3.775    0.34963E+04 0.64850E-06
   3.973    0.23084E+04 0.68623E-06
   4.172    0.15251E+04 0.71820E-06
   4.371    0.10095E+04 0.74413E-06
   4.569    0.67093E+03 0.76485E-06
   4.768    0.44932E+03 0.78302E-06
   4.967    0.30463E+03 0.80381E-06
   5.165    0.21023E+03 0.83509E-06
   5.364    0.14849E+03 0.88636E-06
   5.563    0.10780E+03 0.96617E-06
   5.761    0.80571E+02 0.10788E-05
   5.960    0.61893E+02 0.12225E-05
   6.159    0.48643E+02 0.13896E-05
   6.358    0.38859E+02 0.15699E-05
   6.556    0.31333E+02 0.17536E-05
   6.755    0.25332E+02 0.19329E-05
   6.954    0.20421E+02 0.21024E-05
   7.152    0.16341E+02 0.22587E-05
   7.351    0.12935E+02 0.23995E-05
   7.550    0.10101E+02 0.25231E-05
   7.748    0.77659E+01 0.26276E-05
   7.947    0.58694E+01 0.27107E-05
   8.146    0.43564E+01 0.27696E-05
   8.344    0.31740E+01 0.28009E-05
   8.543    0.22712E+01 0.28013E-05
   8.742    0.15996E+01 0.27694E-05
   8.940    0.11141E+01 0.27094E-05
   9.139    0.77437E+00 0.26377E-05
   9.338    0.54500E+00 0.25925E-05
   9.536    0.39630E+00 0.26351E-05
   9.735    0.30404E+00 0.28284E-05
   9.934    0.24921E+00 0.31887E-05
  10.132    0.21750E+00 0.36602E-05
  10.331    0.19864E+00 0.41534E-05
  10.530    0.18567E+00 0.46005E-05
  10.729    0.17431E+00 0.49740E-05
  10.927    0.16220E+00 0.52732E-05
  11.126    0.14843E+00 0.55078E-05
  11.325    0.13296E+00 0.56887E-05
  11.523    0.11631E+00 0.58244E-05
  11.722    0.99230E-01 0.59202E-05
  11.921    0.82496E-01 0.59784E-05
  12.119    0.66800E-01 0.59990E-05
  12.318    0.52664E-01 0.59798E-05
  12.517    0.40422E-01 0.59175E-05
  12.716    0.30219E-01 0.58091E-05
  12.914    0.22042E-01 0.56552E-05
  13.113    0.15753E-01 0.54668E-05
  13.312    0.11131E-01 0.52802E-05
  13.510    0.79043E-02 0.51759E-05
  13.709    0.57875E-02 0.52854E-05
  13.908    0.45047E-02 0.57341E-05
  14.106    0.38075E-02 0.65129E-05
  14.305    0.34864E-02 0.74314E-05
  14.504    0.33748E-02 0.82657E-05
  14.703    0.33498E-02 0.89044E-05
  14.901    0.33277E-02 0.93450E-05
E=1350
   1.986    0.15635E+06 0.22847E-06
   2.185    0.95976E+05 0.27781E-06
   2.383    0.60046E+05 0.32923E-06
   2.582    0.38091E+05 0.38204E-06
   2.781    0.24401E+05 0.43544E-06
   2.979    0.15736E+05 0.48855E-06
   3.178    0.10190E+05 0.54036E-06
   3.377    0.66139E+04 0.58974E-06
   3.575    0.42971E+04 0.63546E-06
   3.774    0.27928E+04 0.67627E-06
   3.972    0.18161E+04 0.71111E-06
   4.171    0.11828E+04 0.73945E-06
   4.370    0.77328E+03 0.76186E-06
   4.568    0.50934E+03 0.78087E-06
   4.767    0.33969E+03 0.80182E-06
   4.966    0.23078E+03 0.83316E-06
   5.164    0.16071E+03 0.88542E-06
   5.363    0.11525E+03 0.96823E-06
   5.561    0.85275E+02 0.10864E-05
   5.760    0.64974E+02 0.12377E-05
   5.959    0.50708E+02 0.14132E-05
   6.157    0.40238E+02 0.16016E-05
   6.356    0.32211E+02 0.17920E-05
   6.555    0.25826E+02 0.19763E-05
   6.753    0.20616E+02 0.21489E-05
   6.952    0.16308E+02 0.23066E-05
   7.150    0.12737E+02 0.24470E-05
   7.349    0.97961E+01 0.25681E-05
   7.548    0.74036E+01 0.26677E-05
   7.746    0.54903E+01 0.27430E-05
   7.945    0.39915E+01 0.27904E-05
   8.144    0.28449E+01 0.28063E-05
   8.342    0.19906E+01 0.27876E-05
   8.541    0.13728E+01 0.27357E-05
   8.739    0.94049E+00 0.26625E-05
   8.938    0.64910E+00 0.26009E-05
   9.137    0.46078E+00 0.26122E-05
   9.335    0.34459E+00 0.27704E-05
   9.534    0.27622E+00 0.31111E-05
   9.733    0.23738E+00 0.35876E-05
   9.931    0.21495E+00 0.41018E-05
  10.130    0.20011E+00 0.45727E-05
  10.329    0.18742E+00 0.49653E-05
  10.527    0.17397E+00 0.52774E-05
  10.726    0.15860E+00 0.55198E-05
  10.924    0.14129E+00 0.57047E-05
  11.123    0.12267E+00 0.58413E-05
  11.322    0.10366E+00 0.59352E-05
  11.520    0.85177E-01 0.59888E-05
  11.719    0.68026E-01 0.60014E-05
  11.918    0.52784E-01 0.59704E-05
  12.116    0.39793E-01 0.58920E-05
  12.315    0.29172E-01 0.57634E-05
  12.514    0.20850E-01 0.55880E-05
  12.712    0.14622E-01 0.53864E-05
  12.911    0.10193E-01 0.52165E-05
  13.110    0.72259E-02 0.51953E-05
  13.308    0.53813E-02 0.54799E-05
  13.507    0.43431E-02 0.61502E-05
  13.706    0.38378E-02 0.70758E-05
  13.904    0.36444E-02 0.79963E-05
  14.103    0.35960E-02 0.87325E-05
  14.302    0.35773E-02 0.92477E-05
  14.500    0.35176E-02 0.95798E-05
  14.699    0.33824E-02 0.97784E-05
  14.898    0.31638E-02 0.98822E-05
E=1400
   1.986    0.14014E+06 0.24616E-06
   2.184    0.85208E+05 0.29821E-06
   2.383    0.52752E+05 0.35220E-06
   2.581    0.33082E+05 0.40732E-06
   2.780    0.20930E+05 0.46265E-06
   2.979    0.13318E+05 0.51713E-06
   3.177    0.85022E+04 0.56957E-06
   3.376    0.54364E+04 0.61864E-06
   3.574    0.34781E+04 0.66294E-06
   3.773    0.22261E+04 0.70119E-06
   3.971    0.14265E+04 0.73254E-06
   4.170    0.91710E+03 0.75721E-06
   4.369    0.59373E+03 0.77737E-06
   4.567    0.38908E+03 0.79819E-06
   4.766    0.25980E+03 0.82849E-06
   4.964    0.17798E+03 0.87975E-06
   5.163    0.12579E+03 0.96300E-06
   5.361    0.91935E+02 0.10841E-05
   5.560    0.69345E+02 0.12408E-05
   5.759    0.53665E+02 0.14235E-05
   5.957    0.42260E+02 0.16193E-05
   6.156    0.33570E+02 0.18164E-05
   6.354    0.26690E+02 0.20060E-05
   6.553    0.21101E+02 0.21825E-05
   6.751    0.16507E+02 0.23423E-05
   6.950    0.12728E+02 0.24830E-05
   7.149    0.96472E+01 0.26024E-05
   7.347    0.71720E+01 0.26977E-05
   7.546    0.52223E+01 0.27657E-05
   7.744    0.37220E+01 0.28022E-05
   7.943    0.25978E+01 0.28033E-05
   8.141    0.17803E+01 0.27670E-05
   8.340    0.12054E+01 0.26993E-05
   8.539    0.81604E+00 0.26240E-05
   8.737    0.56343E+00 0.25948E-05
   8.936    0.40720E+00 0.26927E-05
   9.134    0.31542E+00 0.29814E-05
   9.333    0.26387E+00 0.34418E-05
   9.532    0.23508E+00 0.39746E-05
   9.730    0.21726E+00 0.44789E-05
   9.929    0.20303E+00 0.49034E-05
  10.127    0.18837E+00 0.52403E-05
  10.326    0.17161E+00 0.55001E-05
  10.525    0.15259E+00 0.56967E-05
  10.723    0.13201E+00 0.58407E-05
  10.922    0.11092E+00 0.59387E-05
  11.120    0.90447E-01 0.59931E-05
  11.319    0.71527E-01 0.60034E-05
  11.518    0.54839E-01 0.59666E-05
  11.716    0.40763E-01 0.58783E-05
  11.915    0.29411E-01 0.57360E-05
  12.113    0.20669E-01 0.55458E-05
  12.312    0.14265E-01 0.53371E-05
  12.511    0.98333E-02 0.51887E-05
  12.709    0.69673E-02 0.52489E-05
  12.908    0.52681E-02 0.56840E-05
  13.106    0.43749E-02 0.65093E-05
  13.305    0.39852E-02 0.74995E-05
  13.504    0.38626E-02 0.83805E-05
  13.702    0.38372E-02 0.90293E-05
  13.901    0.37989E-02 0.94565E-05
  14.099    0.36875E-02 0.97165E-05
  14.298    0.34811E-02 0.98589E-05
  14.497    0.31848E-02 0.99172E-05
  14.695    0.28195E-02 0.99108E-05
  14.894    0.24140E-02 0.98494E-05
E=1450
   1.985    0.12570E+06 0.26417E-06
   2.184    0.75675E+05 0.31889E-06
   2.382    0.46343E+05 0.37536E-06
   2.581    0.28718E+05 0.43264E-06
   2.779    0.17936E+05 0.48965E-06
   2.978    0.11256E+05 0.54514E-06
   3.176    0.70812E+04 0.59771E-06
   3.375    0.44593E+04 0.64583E-06
   3.573    0.28093E+04 0.68800E-06
   3.772    0.17713E+04 0.72303E-06
   3.970    0.11197E+04 0.75066E-06
   4.169    0.71215E+03 0.77248E-06
   4.367    0.45812E+03 0.79321E-06
   4.566    0.30016E+03 0.82160E-06
   4.764    0.20186E+03 0.86996E-06
   4.963    0.14025E+03 0.95091E-06
   5.162    0.10099E+03 0.10721E-05
   5.360    0.75251E+02 0.12319E-05
   5.559    0.57657E+02 0.14202E-05
   5.757    0.45018E+02 0.16230E-05
   5.956    0.35475E+02 0.18270E-05
   6.154    0.27970E+02 0.20226E-05
   6.353    0.21910E+02 0.22037E-05
   6.551    0.16960E+02 0.23666E-05
   6.750    0.12921E+02 0.25086E-05
   6.948    0.96598E+01 0.26273E-05
   7.147    0.70706E+01 0.27194E-05
   7.345    0.50602E+01 0.27811E-05
   7.544    0.35392E+01 0.28078E-05
   7.742    0.24221E+01 0.27953E-05
   7.941    0.16285E+01 0.27437E-05
   8.139    0.10854E+01 0.26659E-05
   8.338    0.72932E+00 0.26007E-05
   8.536    0.50686E+00 0.26241E-05
   8.735    0.37514E+00 0.28253E-05
   8.934    0.30121E+00 0.32329E-05
   9.132    0.26099E+00 0.37688E-05
   9.331    0.23794E+00 0.43114E-05
   9.529    0.22151E+00 0.47815E-05
   9.728    0.20573E+00 0.51570E-05
   9.926    0.18789E+00 0.54459E-05
  10.125    0.16740E+00 0.56633E-05
  10.323    0.14490E+00 0.58222E-05
  10.522    0.12160E+00 0.59308E-05
  10.720    0.98825E-01 0.59925E-05
  10.919    0.77728E-01 0.60071E-05
  11.118    0.59138E-01 0.59714E-05
  11.316    0.43527E-01 0.58807E-05
  11.515    0.31030E-01 0.57321E-05
  11.713    0.21510E-01 0.55328E-05
  11.912    0.14640E-01 0.53179E-05
  12.110    0.99769E-02 0.51816E-05
  12.309    0.70405E-02 0.52961E-05
  12.507    0.53628E-02 0.58323E-05
  12.706    0.45287E-02 0.67532E-05
  12.904    0.41972E-02 0.77718E-05
  13.103    0.41096E-02 0.86178E-05
  13.302    0.40866E-02 0.92083E-05
  13.500    0.40190E-02 0.95803E-05
  13.699    0.38539E-02 0.97952E-05
  13.897    0.35798E-02 0.99010E-05
  14.096    0.32122E-02 0.99277E-05
  14.294    0.27816E-02 0.98910E-05
  14.493    0.23233E-02 0.97977E-05
  14.691    0.18710E-02 0.96486E-05
  14.890    0.14518E-02 0.94411E-05
E=1500
   1.985    0.11280E+06 0.28249E-06
   2.183    0.67222E+05 0.33981E-06
   2.382    0.40704E+05 0.39865E-06
   2.580    0.24914E+05 0.45791E-06
   2.779    0.15354E+05 0.51630E-06
   2.977    0.94991E+04 0.57239E-06
   3.175    0.58870E+04 0.62454E-06
   3.374    0.36506E+04 0.67105E-06
   3.572    0.22650E+04 0.71039E-06
   3.771    0.14079E+04 0.74178E-06
   3.969    0.87950E+03 0.76606E-06
   4.168    0.55499E+03 0.78712E-06
   4.366    0.35633E+03 0.81322E-06
   4.565    0.23474E+03 0.85707E-06
   4.763    0.15990E+03 0.93299E-06
   4.962    0.11313E+03 0.10510E-05
   5.160    0.83068E+02 0.12112E-05
   5.359    0.62902E+02 0.14035E-05
   5.557    0.48646E+02 0.16126E-05
   5.756    0.38015E+02 0.18237E-05
   5.954    0.29730E+02 0.20261E-05
   6.153    0.23088E+02 0.22129E-05
   6.351    0.17700E+02 0.23801E-05
   6.550    0.13337E+02 0.25247E-05
   6.748    0.98447E+01 0.26439E-05
   6.946    0.71030E+01 0.27343E-05
   7.145    0.50021E+01 0.27912E-05
   7.343    0.34376E+01 0.28094E-05
   7.542    0.23098E+01 0.27852E-05
   7.740    0.15260E+01 0.27214E-05
   7.939    0.10036E+01 0.26390E-05
   8.137    0.67162E+00 0.25947E-05
   8.336    0.47167E+00 0.26839E-05
   8.534    0.35809E+00 0.29887E-05
   8.733    0.29680E+00 0.34884E-05
   8.931    0.26381E+00 0.40607E-05
   9.130    0.24339E+00 0.45877E-05
   9.328    0.22622E+00 0.50181E-05
   9.527    0.20764E+00 0.53503E-05
   9.725    0.18608E+00 0.55998E-05
   9.924    0.16189E+00 0.57825E-05
  10.122    0.13633E+00 0.59091E-05
  10.321    0.11097E+00 0.59849E-05
  10.519    0.87230E-01 0.60107E-05
  10.718    0.66182E-01 0.59836E-05
  10.916    0.48460E-01 0.58984E-05
  11.115    0.34283E-01 0.57516E-05
  11.313    0.23524E-01 0.55489E-05
  11.512    0.15813E-01 0.53258E-05
  11.710    0.10634E-01 0.51823E-05
  11.909    0.74234E-02 0.53073E-05
  12.107    0.56297E-02 0.58856E-05
  12.306    0.47687E-02 0.68599E-05
  12.504    0.44468E-02 0.79038E-05
  12.703    0.43706E-02 0.87405E-05
  12.901    0.43424E-02 0.93054E-05
  13.100    0.42471E-02 0.96497E-05
  13.298    0.40344E-02 0.98395E-05
  13.497    0.37002E-02 0.99229E-05
  13.695    0.32691E-02 0.99278E-05
  13.894    0.27799E-02 0.98680E-05
  14.092    0.22740E-02 0.97483E-05
  14.291    0.17884E-02 0.95677E-05
  14.489    0.13515E-02 0.93228E-05
  14.688    0.98097E-03 0.90122E-05
  14.886    0.68461E-03 0.86477E-05
E=1550
   1.984    0.10128E+06 0.30106E-06
   2.183    0.59715E+05 0.36092E-06
   2.381    0.35738E+05 0.42200E-06
   2.579    0.21598E+05 0.48301E-06
   2.778    0.13129E+05 0.54247E-06
   2.976    0.80041E+04 0.59868E-06
   3.175    0.48854E+04 0.64981E-06
   3.373    0.29832E+04 0.69403E-06
   3.572    0.18237E+04 0.73000E-06
   3.770    0.11190E+04 0.75773E-06
   3.968    0.69243E+03 0.78000E-06
   4.167    0.43518E+03 0.80404E-06
   4.365    0.28030E+03 0.84237E-06
   4.564    0.18671E+03 0.91075E-06
   4.762    0.12940E+03 0.10221E-05
   4.960    0.93359E+02 0.11794E-05
   5.159    0.69718E+02 0.13736E-05
   5.357    0.53337E+02 0.15882E-05
   5.556    0.41315E+02 0.18067E-05
   5.754    0.32057E+02 0.20167E-05
   5.953    0.24698E+02 0.22104E-05
   6.151    0.18770E+02 0.23831E-05
   6.349    0.14004E+02 0.25318E-05
   6.548    0.10220E+02 0.26532E-05
   6.746    0.72783E+01 0.27434E-05
   6.945    0.50505E+01 0.27973E-05
   7.143    0.34149E+01 0.28092E-05
   7.342    0.22558E+01 0.27757E-05
   7.540    0.14666E+01 0.27024E-05
   7.738    0.95334E+00 0.26202E-05
   7.937    0.63656E+00 0.26037E-05
   8.135    0.45231E+00 0.27627E-05
   8.334    0.35159E+00 0.31593E-05
   8.532    0.29887E+00 0.37223E-05
   8.731    0.27006E+00 0.43051E-05
   8.929    0.25015E+00 0.48070E-05
   9.127    0.23092E+00 0.52008E-05
   9.326    0.20886E+00 0.54972E-05
   9.524    0.18345E+00 0.57149E-05
   9.723    0.15581E+00 0.58684E-05
   9.921    0.12768E+00 0.59660E-05
  10.120    0.10083E+00 0.60104E-05
  10.318    0.76691E-01 0.59996E-05
  10.517    0.56157E-01 0.59286E-05
  10.715    0.39619E-01 0.57925E-05
  10.913    0.27019E-01 0.55937E-05
  11.112    0.17975E-01 0.53621E-05
  11.310    0.11908E-01 0.51919E-05
  11.509    0.81587E-02 0.52777E-05
  11.707    0.60778E-02 0.58335E-05
  11.906    0.50896E-02 0.68254E-05
  12.104    0.47272E-02 0.79051E-05
  12.303    0.46447E-02 0.87654E-05
  12.501    0.46119E-02 0.93366E-05
  12.699    0.44977E-02 0.96772E-05
  12.898    0.42482E-02 0.98590E-05
  13.096    0.38634E-02 0.99321E-05
  13.295    0.33753E-02 0.99246E-05
  13.493    0.28305E-02 0.98497E-05
  13.692    0.22772E-02 0.97109E-05
  13.890    0.17565E-02 0.95061E-05
  14.089    0.12981E-02 0.92314E-05
  14.287    0.91906E-03 0.88880E-05
  14.486    0.62479E-03 0.84994E-05
  14.684    0.41148E-03 0.81517E-05
  14.883    0.26889E-03 0.80686E-05
E=1600
   1.984    0.90950E+05 0.31986E-06
   2.182    0.53042E+05 0.38218E-06
   2.380    0.31364E+05 0.44533E-06
   2.579    0.18706E+05 0.50784E-06
   2.777    0.11211E+05 0.56799E-06
   2.976    0.67335E+04 0.62383E-06
   3.174    0.40471E+04 0.67331E-06
   3.372    0.24340E+04 0.71461E-06
   3.571    0.14674E+04 0.74689E-06
   3.769    0.89045E+03 0.77163E-06
   3.967    0.54753E+03 0.79455E-06
   4.166    0.34431E+03 0.82721E-06
   4.364    0.22370E+03 0.88614E-06
   4.562    0.15138E+03 0.98738E-06
   4.761    0.10697E+03 0.11379E-05
   4.959    0.78569E+02 0.13310E-05
   5.158    0.59361E+02 0.15498E-05
   5.356    0.45548E+02 0.17757E-05
   5.554    0.35067E+02 0.19941E-05
   5.753    0.26821E+02 0.21959E-05
   5.951    0.20229E+02 0.23757E-05
   6.149    0.14963E+02 0.25301E-05
   6.348    0.10812E+02 0.26555E-05
   6.546    0.76119E+01 0.27476E-05
   6.745    0.52126E+01 0.28007E-05
   6.943    0.34728E+01 0.28087E-05
   7.141    0.22582E+01 0.27683E-05
   7.340    0.14463E+01 0.26882E-05
   7.538    0.92990E+00 0.26087E-05
   7.736    0.61968E+00 0.26217E-05
   7.935    0.44493E+00 0.28460E-05
   8.133    0.35262E+00 0.33172E-05
   8.332    0.30532E+00 0.39209E-05
   8.530    0.27851E+00 0.45013E-05
   8.728    0.25769E+00 0.49779E-05
   8.927    0.23559E+00 0.53412E-05
   9.125    0.20976E+00 0.56091E-05
   9.324    0.18056E+00 0.58008E-05
   9.522    0.14977E+00 0.59291E-05
   9.720    0.11951E+00 0.60000E-05
   9.919    0.91636E-01 0.60135E-05
  10.117    0.67489E-01 0.59653E-05
  10.315    0.47750E-01 0.58494E-05
  10.514    0.32530E-01 0.56643E-05
  10.712    0.21497E-01 0.54294E-05
  10.911    0.14031E-01 0.52218E-05
  11.109    0.93771E-02 0.52252E-05
  11.307    0.67692E-02 0.56884E-05
  11.506    0.55138E-02 0.66523E-05
  11.704    0.50423E-02 0.77775E-05
  11.903    0.49309E-02 0.86980E-05
  12.101    0.48964E-02 0.93098E-05
  12.299    0.47773E-02 0.96707E-05
  12.498    0.45068E-02 0.98604E-05
  12.696    0.40836E-02 0.99343E-05
  12.895    0.35453E-02 0.99234E-05
  13.093    0.29465E-02 0.98413E-05
  13.292    0.23429E-02 0.96913E-05
  13.490    0.17811E-02 0.94704E-05
  13.688    0.12935E-02 0.91745E-05
  13.887    0.89767E-03 0.88072E-05
  14.085    0.59738E-03 0.84037E-05
  14.284    0.38610E-03 0.80863E-05
  14.482    0.25049E-03 0.81566E-05
  14.680    0.17387E-03 0.90675E-05
  14.879    0.13908E-03 0.10880E-04
E=1650
   1.983    0.81690E+05 0.33886E-06
   2.181    0.47105E+05 0.40352E-06
   2.380    0.27508E+05 0.46857E-06
   2.578    0.16186E+05 0.53230E-06
   2.776    0.95607E+04 0.59271E-06
   2.975    0.56557E+04 0.64761E-06
   3.173    0.33474E+04 0.69481E-06
   3.371    0.19838E+04 0.73269E-06
   3.570    0.11810E+04 0.76141E-06
   3.768    0.71050E+03 0.78481E-06
   3.966    0.43585E+03 0.81267E-06
   4.165    0.27564E+03 0.86127E-06
   4.363    0.18155E+03 0.94934E-06
   4.561    0.12519E+03 0.10888E-05
   4.760    0.90144E+02 0.12770E-05
   4.958    0.67106E+02 0.14978E-05
   5.156    0.50948E+02 0.17305E-05
   5.355    0.38915E+02 0.19580E-05
   5.553    0.29567E+02 0.21692E-05
   5.751    0.22154E+02 0.23577E-05
   5.950    0.16270E+02 0.25195E-05
   6.148    0.11659E+02 0.26508E-05
   6.346    0.81277E+01 0.27470E-05
   6.545    0.55020E+01 0.28019E-05
   6.743    0.36174E+01 0.28088E-05
   6.941    0.23185E+01 0.27643E-05
   7.140    0.14639E+01 0.26795E-05
   7.338    0.93076E+00 0.26029E-05
   7.536    0.61811E+00 0.26418E-05
   7.735    0.44699E+00 0.29210E-05
   7.933    0.35927E+00 0.34495E-05
   8.131    0.31492E+00 0.40792E-05
   8.330    0.28856E+00 0.46533E-05
   8.528    0.26592E+00 0.51087E-05
   8.726    0.24052E+00 0.54483E-05
   8.925    0.21081E+00 0.56940E-05
   9.123    0.17797E+00 0.58645E-05
   9.321    0.14431E+00 0.59710E-05
   9.520    0.11224E+00 0.60168E-05
   9.718    0.83650E-01 0.59998E-05
   9.916    0.59726E-01 0.59139E-05
  10.115    0.40902E-01 0.57540E-05
  10.313    0.27001E-01 0.55279E-05
  10.511    0.17424E-01 0.52878E-05
  10.710    0.11338E-01 0.51860E-05
  10.908    0.78461E-02 0.54884E-05
  11.106    0.61071E-02 0.63525E-05
  11.305    0.54150E-02 0.75130E-05
  11.503    0.52330E-02 0.85300E-05
  11.701    0.51955E-02 0.92215E-05
  11.900    0.50887E-02 0.96300E-05
  12.098    0.48179E-02 0.98446E-05
  12.296    0.43729E-02 0.99305E-05
  12.495    0.37932E-02 0.99244E-05
  12.693    0.31414E-02 0.98428E-05
  12.891    0.24821E-02 0.96896E-05
  13.090    0.18697E-02 0.94617E-05
  13.288    0.13417E-02 0.91544E-05
  13.487    0.91744E-03 0.87724E-05
  13.685    0.60045E-03 0.83583E-05
  13.883    0.38210E-03 0.80614E-05
  14.082    0.24617E-03 0.82427E-05
  14.280    0.17304E-03 0.93817E-05
  14.478    0.14303E-03 0.11358E-04
  14.677    0.13875E-03 0.13164E-04
  14.875    0.14641E-03 0.14149E-04
E=1700
   1.983    0.73376E+05 0.35801E-06
   2.181    0.41820E+05 0.42491E-06
   2.379    0.24110E+05 0.49164E-06
   2.577    0.13990E+05 0.55625E-06
   2.776    0.81420E+04 0.61647E-06
   2.974    0.47431E+04 0.66985E-06
   3.172    0.27649E+04 0.71418E-06
   3.371    0.16161E+04 0.74838E-06
   3.569    0.95179E+03 0.77432E-06
   3.767    0.56950E+03 0.79931E-06
   3.965    0.35013E+03 0.83808E-06
   4.164    0.22383E+03 0.91087E-06
   4.362    0.15003E+03 0.10349E-05
   4.560    0.10548E+03 0.12134E-05
   4.758    0.77134E+02 0.14328E-05
   4.957    0.57841E+02 0.16711E-05
   5.155    0.43808E+02 0.19079E-05
   5.353    0.33077E+02 0.21296E-05
   5.552    0.24649E+02 0.23284E-05
   5.750    0.17998E+02 0.24995E-05
   5.948    0.12812E+02 0.26389E-05
   6.146    0.88604E+01 0.27416E-05
   6.345    0.59402E+01 0.28011E-05
   6.543    0.38608E+01 0.28100E-05
   6.741    0.24422E+01 0.27643E-05
   6.939    0.15207E+01 0.26763E-05
   7.138    0.95530E+00 0.26006E-05
   7.336    0.63042E+00 0.26574E-05
   7.534    0.45700E+00 0.29775E-05
   7.733    0.37039E+00 0.35485E-05
   7.931    0.32700E+00 0.41967E-05
   8.129    0.30000E+00 0.47660E-05
   8.327    0.27500E+00 0.52062E-05
   8.526    0.24609E+00 0.55289E-05
   8.724    0.21251E+00 0.57580E-05
   8.922    0.17616E+00 0.59117E-05
   9.121    0.13983E+00 0.59991E-05
   9.319    0.10614E+00 0.60217E-05
   9.517    0.76995E-01 0.59750E-05
   9.715    0.53381E-01 0.58522E-05
   9.914    0.35469E-01 0.56516E-05
  10.112    0.22795E-01 0.53994E-05
  10.310    0.14508E-01 0.52007E-05
  10.509    0.95838E-02 0.52974E-05
  10.707    0.70111E-02 0.59611E-05
  10.905    0.59034E-02 0.71006E-05
  11.103    0.55647E-02 0.82388E-05
  11.302    0.55052E-02 0.90581E-05
  11.500    0.54255E-02 0.95503E-05
  11.698    0.51806E-02 0.98114E-05
  11.897    0.47368E-02 0.99221E-05
  12.095    0.41297E-02 0.99292E-05
  12.293    0.34282E-02 0.98547E-05
  12.492    0.27078E-02 0.97052E-05
  12.690    0.20333E-02 0.94783E-05
  12.888    0.14502E-02 0.91689E-05
  13.086    0.98266E-03 0.87808E-05
  13.285    0.63545E-03 0.83574E-05
  13.483    0.39888E-03 0.80576E-05
  13.681    0.25418E-03 0.82747E-05
  13.880    0.17860E-03 0.95142E-05
  14.078    0.14956E-03 0.11565E-04
  14.276    0.14735E-03 0.13318E-04
  14.475    0.15667E-03 0.14198E-04
  14.673    0.16697E-03 0.14402E-04
  14.871    0.17214E-03 0.14232E-04
E=1750
   1.982    0.65904E+05 0.37729E-06
   2.180    0.37112E+05 0.44627E-06
   2.379    0.21115E+05 0.51445E-06
   2.577    0.12079E+05 0.57958E-06
   2.775    0.69243E+04 0.63910E-06
   2.973    0.39721E+04 0.69038E-06
   3.171    0.22816E+04 0.73135E-06
   3.370    0.13169E+04 0.76201E-06
   3.568    0.76912E+03 0.78687E-06
   3.766    0.45950E+03 0.81787E-06
   3.964    0.28452E+03 0.87491E-06
   4.163    0.18468E+03 0.97961E-06
   4.361    0.12621E+03 0.11428E-05
   4.559    0.90291E+02 0.13561E-05
   4.757    0.66695E+02 0.15975E-05
   4.955    0.50031E+02 0.18434E-05
   5.154    0.37541E+02 0.20766E-05
   5.352    0.27847E+02 0.22872E-05
   5.550    0.20246E+02 0.24694E-05
   5.748    0.14342E+02 0.26190E-05
   5.947    0.98583E+01 0.27307E-05
   6.145    0.65586E+01 0.27976E-05
   6.343    0.42219E+01 0.28119E-05
   6.541    0.26394E+01 0.27683E-05
   6.739    0.16216E+01 0.26788E-05
   6.938    0.10050E+01 0.26006E-05
   7.136    0.65650E+00 0.26642E-05
   7.334    0.47432E+00 0.30090E-05
   7.532    0.38540E+00 0.36105E-05
   7.731    0.34127E+00 0.42745E-05
   7.929    0.31288E+00 0.48435E-05
   8.127    0.28523E+00 0.52756E-05
   8.325    0.25274E+00 0.55877E-05
   8.524    0.21533E+00 0.58054E-05
   8.722    0.17554E+00 0.59462E-05
   8.920    0.13662E+00 0.60177E-05
   9.118    0.10139E+00 0.60192E-05
   9.316    0.71706E-01 0.59446E-05
   9.515    0.48369E-01 0.57868E-05
   9.713    0.31274E-01 0.55516E-05
   9.911    0.19676E-01 0.52944E-05
  10.109    0.12485E-01 0.51912E-05
  10.308    0.85084E-02 0.55574E-05
  10.506    0.66405E-02 0.65468E-05
  10.704    0.59700E-02 0.77860E-05
  10.902    0.58259E-02 0.87863E-05
  11.101    0.57744E-02 0.94148E-05
  11.299    0.55836E-02 0.97556E-05
  11.497    0.51732E-02 0.99095E-05
  11.695    0.45618E-02 0.99402E-05
  11.894    0.38204E-02 0.98795E-05
  12.092    0.30359E-02 0.97390E-05
  12.290    0.22871E-02 0.95189E-05
  12.488    0.16319E-02 0.92144E-05
  12.687    0.11026E-02 0.88273E-05
  12.885    0.70809E-03 0.83953E-05
  13.083    0.43924E-03 0.80686E-05
  13.281    0.27525E-03 0.82408E-05
  13.480    0.19018E-03 0.94575E-05
  13.678    0.15793E-03 0.11534E-04
  13.876    0.15577E-03 0.13296E-04
  14.075    0.16611E-03 0.14148E-04
  14.273    0.17706E-03 0.14319E-04
  14.471    0.18190E-03 0.14126E-04
  14.669    0.17805E-03 0.13738E-04
  14.868    0.16583E-03 0.13223E-04
E=1800
   1.982    0.59185E+05 0.39666E-06
   2.180    0.32918E+05 0.46756E-06
   2.378    0.18477E+05 0.53691E-06
   2.576    0.10416E+05 0.60216E-06
   2.774    0.58807E+04 0.66045E-06
   2.972    0.33224E+04 0.70905E-06
   3.171    0.18818E+04 0.74639E-06
   3.369    0.10743E+04 0.77422E-06
   3.567    0.62418E+03 0.80087E-06
   3.765    0.37399E+03 0.84383E-06
   3.963    0.23434E+03 0.92700E-06
   4.161    0.15492E+03 0.10691E-05
   4.360    0.10789E+03 0.12701E-05
   4.558    0.78204E+02 0.15106E-05
   4.756    0.57982E+02 0.17641E-05
   4.954    0.43214E+02 0.20093E-05
   5.152    0.31925E+02 0.22330E-05
   5.351    0.23142E+02 0.24282E-05
   5.549    0.16342E+02 0.25900E-05
   5.747    0.11188E+02 0.27131E-05
   5.945    0.74018E+01 0.27906E-05
   6.143    0.47287E+01 0.28136E-05
   6.341    0.29266E+01 0.27759E-05
   6.540    0.17750E+01 0.26868E-05
   6.738    0.10836E+01 0.26028E-05
   6.936    0.69765E+00 0.26604E-05
   7.134    0.49914E+00 0.30124E-05
   7.332    0.40417E+00 0.36335E-05
   7.530    0.35772E+00 0.43138E-05
   7.729    0.32737E+00 0.48886E-05
   7.927    0.29696E+00 0.53196E-05
   8.125    0.26092E+00 0.56273E-05
   8.323    0.21970E+00 0.58388E-05
   8.521    0.17648E+00 0.59709E-05
   8.720    0.13493E+00 0.60300E-05
   8.918    0.98089E-01 0.60135E-05
   9.116    0.67768E-01 0.59137E-05
   9.314    0.44575E-01 0.57244E-05
   9.512    0.28136E-01 0.54626E-05
   9.710    0.17429E-01 0.52237E-05
   9.909    0.11137E-01 0.52645E-05
  10.107    0.79112E-02 0.59225E-05
  10.305    0.65681E-02 0.71352E-05
  10.503    0.61834E-02 0.83444E-05
  10.701    0.61200E-02 0.91830E-05
  10.900    0.60029E-02 0.96590E-05
  11.098    0.56657E-02 0.98888E-05
  11.296    0.50864E-02 0.99615E-05
  11.494    0.43267E-02 0.99249E-05
  11.692    0.34829E-02 0.97997E-05
  11.891    0.26508E-02 0.95905E-05
  12.089    0.19054E-02 0.92943E-05
  12.287    0.12927E-02 0.89112E-05
  12.485    0.82967E-03 0.84699E-05
  12.683    0.51036E-03 0.80976E-05
  12.882    0.31325E-03 0.81588E-05
  13.080    0.20928E-03 0.92443E-05
  13.278    0.16830E-03 0.11321E-04
  13.476    0.16359E-03 0.13176E-04
  13.675    0.17435E-03 0.14071E-04
  13.873    0.18642E-03 0.14234E-04
  14.071    0.19184E-03 0.14018E-04
  14.269    0.18757E-03 0.13612E-04
  14.467    0.17400E-03 0.13085E-04
  14.666    0.15347E-03 0.12452E-04
  14.864    0.12909E-03 0.11700E-04
E=1850
   1.981    0.53138E+05 0.41608E-06
   2.179    0.29182E+05 0.48871E-06
   2.377    0.16153E+05 0.55893E-06
   2.575    0.89716E+04 0.62387E-06
   2.774    0.49880E+04 0.68038E-06
   2.972    0.27763E+04 0.72580E-06
   3.170    0.15522E+04 0.75954E-06
   3.368    0.87852E+03 0.78607E-06
   3.566    0.50961E+03 0.81875E-06
   3.764    0.30766E+03 0.88076E-06
   3.962    0.19586E+03 0.99709E-06
   4.160    0.13202E+03 0.11784E-05
   4.359    0.93431E+02 0.14119E-05
   4.557    0.68239E+02 0.16701E-05
   4.755    0.50444E+02 0.19269E-05
   4.953    0.37119E+02 0.21649E-05
   5.151    0.26854E+02 0.23748E-05
   5.349    0.18935E+02 0.25508E-05
   5.547    0.12937E+02 0.26877E-05
   5.745    0.85312E+01 0.27784E-05
   5.944    0.54216E+01 0.28138E-05
   6.142    0.33283E+01 0.27858E-05
   6.340    0.19948E+01 0.27002E-05
   6.538    0.11981E+01 0.26082E-05
   6.736    0.75684E+00 0.26474E-05
   6.934    0.53250E+00 0.29875E-05
   7.132    0.42700E+00 0.36175E-05
   7.330    0.37646E+00 0.43153E-05
   7.529    0.34371E+00 0.49026E-05
   7.727    0.31056E+00 0.53394E-05
   7.925    0.27105E+00 0.56488E-05
   8.123    0.22605E+00 0.58590E-05
   8.321    0.17930E+00 0.59871E-05
   8.519    0.13498E+00 0.60380E-05
   8.717    0.96324E-01 0.60078E-05
   8.915    0.65153E-01 0.58869E-05
   9.114    0.41891E-01 0.56707E-05
   9.312    0.25895E-01 0.53905E-05
   9.510    0.15876E-01 0.51897E-05
   9.708    0.10291E-01 0.54024E-05
   9.906    0.76439E-02 0.63236E-05
  10.104    0.66800E-02 0.76506E-05
  10.302    0.64680E-02 0.87711E-05
  10.501    0.64076E-02 0.94698E-05
  10.699    0.61819E-02 0.98345E-05
  10.897    0.56854E-02 0.99843E-05
  11.095    0.49471E-02 0.99934E-05
  11.293    0.40632E-02 0.98968E-05
  11.491    0.31470E-02 0.97069E-05
  11.690    0.22958E-02 0.94238E-05
  11.888    0.15759E-02 0.90464E-05
  12.086    0.10186E-02 0.85935E-05
  12.284    0.62531E-03 0.81619E-05
  12.482    0.37630E-03 0.80622E-05
  12.680    0.24018E-03 0.89116E-05
  12.878    0.18234E-03 0.10949E-04
  13.077    0.17106E-03 0.13011E-04
  13.275    0.18102E-03 0.14055E-04
  13.473    0.19466E-03 0.14238E-04
  13.671    0.20183E-03 0.13984E-04
  13.869    0.19838E-03 0.13529E-04
  14.067    0.18441E-03 0.12961E-04
  14.266    0.16249E-03 0.12301E-04
  14.464    0.13614E-03 0.11538E-04
  14.662    0.10879E-03 0.10645E-04
  14.860    0.83168E-04 0.95907E-05
E=1900
   1.981    0.47695E+05 0.43550E-06
   2.179    0.25852E+05 0.50966E-06
   2.377    0.14108E+05 0.58042E-06
   2.575    0.77183E+04 0.64456E-06
   2.773    0.42259E+04 0.69875E-06
   2.971    0.23185E+04 0.74065E-06
   3.169    0.12815E+04 0.77129E-06
   3.367    0.72104E+03 0.79907E-06
   3.565    0.41934E+03 0.84337E-06
   3.763    0.25622E+03 0.93190E-06
   3.961    0.16616E+03 0.10861E-05
   4.159    0.11408E+03 0.13045E-05
   4.357    0.81676E+02 0.15623E-05
   4.556    0.59726E+02 0.18290E-05
   4.754    0.43742E+02 0.20818E-05
   4.952    0.31603E+02 0.23078E-05
   5.150    0.22284E+02 0.25000E-05
   5.348    0.15225E+02 0.26527E-05
   5.546    0.10031E+02 0.27592E-05
   5.744    0.63567E+01 0.28103E-05
   5.942    0.38800E+01 0.27963E-05
   6.140    0.23015E+01 0.27183E-05
   6.338    0.13595E+01 0.26186E-05
   6.536    0.83931E+00 0.26292E-05
   6.734    0.57653E+00 0.29377E-05
   6.932    0.45461E+00 0.35633E-05
   7.130    0.39780E+00 0.42793E-05
   7.329    0.36216E+00 0.48858E-05
   7.527    0.32637E+00 0.53352E-05
   7.725    0.28355E+00 0.56517E-05
   7.923    0.23476E+00 0.58656E-05
   8.121    0.18433E+00 0.59943E-05
   8.319    0.13696E+00 0.60423E-05
   8.517    0.96177E-01 0.60037E-05
   8.715    0.63842E-01 0.58674E-05
   8.913    0.40222E-01 0.56302E-05
   9.111    0.24419E-01 0.53387E-05
   9.309    0.14872E-01 0.51863E-05
   9.508    0.98145E-02 0.55705E-05
   9.706    0.76003E-02 0.66949E-05
   9.904    0.69022E-02 0.80570E-05
  10.102    0.67823E-02 0.90815E-05
  10.300    0.66752E-02 0.96772E-05
  10.498    0.63190E-02 0.99679E-05
  10.696    0.56635E-02 0.10064E-04
  10.894    0.47817E-02 0.10025E-04
  11.092    0.37973E-02 0.98751E-05
  11.290    0.28333E-02 0.96206E-05
  11.488    0.19837E-02 0.92591E-05
  11.687    0.13025E-02 0.87987E-05
  11.885    0.80545E-03 0.83022E-05
  12.083    0.47900E-03 0.80059E-05
  12.281    0.29153E-03 0.84978E-05
  12.479    0.20423E-03 0.10362E-04
  12.677    0.17944E-03 0.12752E-04
  12.875    0.18588E-03 0.14152E-04
  13.073    0.20102E-03 0.14448E-04
  13.271    0.21118E-03 0.14159E-04
  13.470    0.21015E-03 0.13617E-04
  13.668    0.19717E-03 0.12955E-04
  13.866    0.17472E-03 0.12212E-04
  14.064    0.14672E-03 0.11386E-04
  14.262    0.11714E-03 0.10457E-04
  14.460    0.89197E-04 0.93969E-05
  14.658    0.65019E-04 0.81819E-05
  14.856    0.45602E-04 0.68161E-05
E=1950
   1.980    0.42794E+05 0.45490E-06
   2.178    0.22887E+05 0.53034E-06
   2.376    0.12309E+05 0.60128E-06
   2.574    0.66324E+04 0.66413E-06
   2.772    0.35768E+04 0.71547E-06
   2.970    0.19359E+04 0.75372E-06
   3.168    0.10598E+04 0.78244E-06
   3.366    0.59483E+03 0.81520E-06
   3.564    0.34835E+03 0.87781E-06
   3.762    0.21623E+03 0.99956E-06
   3.960    0.14297E+03 0.11931E-05
   4.158    0.99679E+02 0.14426E-05
   4.356    0.71793E+02 0.17156E-05
   4.554    0.52233E+02 0.19829E-05
   4.752    0.37683E+02 0.22262E-05
   4.950    0.26602E+02 0.24361E-05
   5.148    0.18209E+02 0.26067E-05
   5.346    0.12013E+02 0.27312E-05
   5.544    0.76117E+01 0.28008E-05
   5.742    0.46319E+01 0.28047E-05
   5.941    0.27256E+01 0.27394E-05
   6.139    0.15846E+01 0.26357E-05
   6.337    0.95341E+00 0.26118E-05
   6.535    0.63486E+00 0.28694E-05
   6.733    0.48837E+00 0.34739E-05
   6.931    0.42220E+00 0.42064E-05
   7.129    0.38298E+00 0.48380E-05
   7.327    0.34472E+00 0.53060E-05
   7.525    0.29882E+00 0.56346E-05
   7.723    0.24627E+00 0.58563E-05
   7.921    0.19193E+00 0.59900E-05
   8.119    0.14113E+00 0.60401E-05
   8.317    0.97786E-01 0.59995E-05
   8.515    0.63866E-01 0.58552E-05
   8.713    0.39525E-01 0.56042E-05
   8.911    0.23619E-01 0.53059E-05
   9.109    0.14317E-01 0.51993E-05
   9.307    0.96159E-02 0.57268E-05
   9.505    0.77091E-02 0.69853E-05
   9.703    0.71894E-02 0.83396E-05
   9.901    0.71053E-02 0.92875E-05
  10.099    0.69219E-02 0.98200E-05
  10.297    0.64265E-02 0.10072E-04
  10.495    0.56189E-02 0.10140E-04
  10.693    0.46103E-02 0.10072E-04
  10.891    0.35453E-02 0.98813E-05
  11.089    0.25521E-02 0.95676E-05
  11.288    0.17176E-02 0.91279E-05
  11.486    0.10817E-02 0.85895E-05
  11.684    0.64456E-03 0.80991E-05
  11.882    0.37863E-03 0.81261E-05
  12.080    0.24256E-03 0.95053E-05
  12.278    0.19241E-03 0.12151E-04
  12.476    0.18947E-03 0.14231E-04
  12.674    0.20440E-03 0.14907E-04
  12.872    0.21826E-03 0.14688E-04
  13.070    0.22140E-03 0.14071E-04
  13.268    0.21121E-03 0.13280E-04
  13.466    0.18961E-03 0.12391E-04
  13.664    0.16069E-03 0.11423E-04
  13.862    0.12902E-03 0.10370E-04
  14.060    0.98451E-04 0.92208E-05
  14.258    0.71652E-04 0.79665E-05
  14.457    0.49985E-04 0.66217E-05
  14.655    0.33711E-04 0.52667E-05
  14.853    0.22315E-04 0.41266E-05
E=2000
   1.980    0.38379E+05 0.47424E-06
   2.178    0.20246E+05 0.55071E-06
   2.376    0.10729E+05 0.62141E-06
   2.574    0.56932E+04 0.68245E-06
   2.772    0.30251E+04 0.73052E-06
   2.969    0.16172E+04 0.76533E-06
   3.167    0.87901E+03 0.79412E-06
   3.365    0.49397E+03 0.83687E-06
   3.563    0.29255E+03 0.92493E-06
   3.761    0.18495E+03 0.10846E-05
   3.959    0.12454E+03 0.13151E-05
   4.157    0.87783E+02 0.15878E-05
   4.355    0.63219E+02 0.18674E-05
   4.553    0.45492E+02 0.21286E-05
   4.751    0.32167E+02 0.23580E-05
   4.949    0.22094E+02 0.25481E-05
   5.147    0.14629E+02 0.26926E-05
   5.345    0.92929E+01 0.27830E-05
   5.543    0.56547E+01 0.28083E-05
   5.741    0.33109E+01 0.27609E-05
   5.939    0.18985E+01 0.26594E-05
   6.137    0.11122E+01 0.26014E-05
   6.335    0.71346E+00 0.27922E-05
   6.533    0.53058E+00 0.33544E-05
   6.731    0.45039E+00 0.40979E-05
   6.929    0.40645E+00 0.47596E-05
   7.127    0.36586E+00 0.52519E-05
   7.325    0.31722E+00 0.55963E-05
   7.523    0.26096E+00 0.58287E-05
   7.721    0.20247E+00 0.59708E-05
   7.919    0.14777E+00 0.60278E-05
   8.117    0.10131E+00 0.59918E-05
   8.315    0.65280E-01 0.58481E-05
   8.513    0.39775E-01 0.55921E-05
   8.711    0.23431E-01 0.52906E-05
   8.909    0.14134E-01 0.52158E-05
   9.107    0.96271E-02 0.58385E-05
   9.305    0.79239E-02 0.71651E-05
   9.503    0.75193E-02 0.84908E-05
   9.701    0.74364E-02 0.93867E-05
   9.899    0.71617E-02 0.98918E-05
  10.097    0.65264E-02 0.10138E-04
  10.295    0.55753E-02 0.10208E-04
  10.493    0.44531E-02 0.10136E-04
  10.691    0.33216E-02 0.99268E-05
  10.889    0.23107E-02 0.95701E-05
  11.087    0.14980E-02 0.90620E-05
  11.285    0.90850E-03 0.84594E-05
  11.483    0.52696E-03 0.80408E-05
  11.681    0.31342E-03 0.85838E-05
  11.879    0.21857E-03 0.10902E-04
  12.077    0.19519E-03 0.13804E-04
  12.275    0.20511E-03 0.15342E-04
  12.473    0.22191E-03 0.15513E-04
  12.671    0.23057E-03 0.14977E-04
  12.869    0.22528E-03 0.14117E-04
  13.067    0.20647E-03 0.13083E-04
  13.265    0.17800E-03 0.11925E-04
  13.463    0.14487E-03 0.10660E-04
  13.661    0.11166E-03 0.92960E-05
  13.859    0.81773E-04 0.78533E-05
  14.057    0.57132E-04 0.63808E-05
  14.255    0.38359E-04 0.49964E-05
  14.453    0.25097E-04 0.39477E-05
  14.651    0.16405E-04 0.36658E-05
  14.849    0.11113E-04 0.46546E-05
E=2050
   1.979    0.34404E+05 0.49347E-06
   2.177    0.17896E+05 0.57068E-06
   2.375    0.93427E+04 0.64072E-06
   2.573    0.48821E+04 0.69944E-06
   2.771    0.25574E+04 0.74392E-06
   2.969    0.13524E+04 0.77598E-06
   3.167    0.73196E+03 0.80786E-06
   3.365    0.41354E+03 0.86670E-06
   3.562    0.24859E+03 0.98692E-06
   3.760    0.16022E+03 0.11863E-05
   3.958    0.10957E+03 0.14483E-05
   4.156    0.77654E+02 0.17355E-05
   4.354    0.55586E+02 0.20142E-05
   4.552    0.39353E+02 0.22643E-05
   4.750    0.27152E+02 0.24758E-05
   4.948    0.18079E+02 0.26419E-05
   5.146    0.11544E+02 0.27550E-05
   5.344    0.70467E+01 0.28042E-05
   5.542    0.41201E+01 0.27794E-05
   5.740    0.23382E+01 0.26879E-05
   5.938    0.13354E+01 0.26028E-05
   6.135    0.82178E+00 0.27174E-05
   6.333    0.58505E+00 0.32133E-05
   6.531    0.48359E+00 0.39571E-05
   6.729    0.43288E+00 0.46525E-05
   6.927    0.38999E+00 0.51741E-05
   7.125    0.33905E+00 0.55369E-05
   7.323    0.27928E+00 0.57812E-05
   7.521    0.21640E+00 0.59327E-05
   7.719    0.15726E+00 0.59990E-05
   7.917    0.10702E+00 0.59730E-05
   8.115    0.68229E-01 0.58384E-05
   8.313    0.41023E-01 0.55881E-05
   8.511    0.23842E-01 0.52881E-05
   8.709    0.14283E-01 0.52257E-05
   8.906    0.98072E-02 0.58862E-05
   9.104    0.82164E-02 0.72209E-05
   9.302    0.78813E-02 0.85045E-05
   9.500    0.77800E-02 0.93674E-05
   9.698    0.74093E-02 0.98725E-05
   9.896    0.66373E-02 0.10142E-04
  10.094    0.55499E-02 0.10246E-04
  10.292    0.43228E-02 0.10206E-04
  10.490    0.31328E-02 0.10014E-04
  10.688    0.21098E-02 0.96468E-05
  10.886    0.13206E-02 0.90945E-05
  11.084    0.77536E-03 0.84462E-05
  11.282    0.44367E-03 0.81484E-05
  11.480    0.27428E-03 0.92780E-05
  11.678    0.21143E-03 0.12252E-04
  11.876    0.20614E-03 0.15013E-04
  12.074    0.22189E-03 0.16156E-04
  12.272    0.23583E-03 0.16108E-04
  12.470    0.23701E-03 0.15440E-04
  12.668    0.22307E-03 0.14427E-04
  12.866    0.19689E-03 0.13172E-04
  13.063    0.16357E-03 0.11716E-04
  13.261    0.12833E-03 0.10083E-04
  13.459    0.95373E-04 0.83135E-05
  13.657    0.67353E-04 0.64910E-05
  13.855    0.45421E-04 0.47881E-05
  14.053    0.29546E-04 0.35384E-05
  14.251    0.18923E-04 0.32985E-05
  14.449    0.12373E-04 0.47083E-05
  14.647    0.86595E-05 0.78295E-05
  14.845    0.66921E-05 0.11467E-04
E=2100
   1.979    0.30823E+05 0.51256E-06
   2.177    0.15806E+05 0.59019E-06
   2.374    0.81273E+04 0.65912E-06
   2.572    0.41831E+04 0.71502E-06
   2.770    0.21620E+04 0.75582E-06
   2.968    0.11331E+04 0.78644E-06
   3.166    0.61271E+03 0.82555E-06
   3.364    0.34944E+03 0.90727E-06
   3.562    0.21380E+03 0.10649E-05
   3.759    0.14038E+03 0.13024E-05
   3.957    0.97078E+02 0.15885E-05
   4.155    0.68783E+02 0.18821E-05
   4.353    0.48667E+02 0.21538E-05
   4.551    0.33739E+02 0.23884E-05
   4.749    0.22628E+02 0.25780E-05
   4.947    0.14559E+02 0.27153E-05
   5.145    0.89433E+01 0.27903E-05
   5.342    0.52424E+01 0.27916E-05
   5.540    0.29579E+01 0.27178E-05
   5.738    0.16534E+01 0.26170E-05
   5.936    0.97478E+00 0.26559E-05
   6.134    0.65813E+00 0.30616E-05
   6.332    0.52391E+00 0.37883E-05
   6.530    0.46270E+00 0.45198E-05
   6.728    0.41720E+00 0.50765E-05
   6.925    0.36454E+00 0.54597E-05
   7.123    0.30162E+00 0.57148E-05
   7.321    0.23421E+00 0.58737E-05
   7.519    0.17007E+00 0.59482E-05
   7.717    0.11527E+00 0.59338E-05
   7.915    0.72944E-01 0.58147E-05
   8.113    0.43381E-01 0.55810E-05
   8.311    0.24882E-01 0.52916E-05
   8.508    0.14751E-01 0.52271E-05
   8.706    0.10133E-01 0.58720E-05
   8.904    0.85714E-02 0.71598E-05
   9.102    0.82751E-02 0.83808E-05
   9.300    0.81501E-02 0.92125E-05
   9.498    0.76871E-02 0.97286E-05
   9.696    0.67834E-02 0.10041E-04
   9.894    0.55635E-02 0.10208E-04
  10.092    0.42336E-02 0.10240E-04
  10.290    0.29857E-02 0.10114E-04
  10.487    0.19495E-02 0.97906E-05
  10.685    0.11813E-02 0.92369E-05
  10.883    0.67557E-03 0.85571E-05
  11.081    0.38735E-03 0.83547E-05
  11.279    0.25460E-03 0.98973E-05
  11.477    0.21605E-03 0.13064E-04
  11.675    0.22191E-03 0.15588E-04
  11.873    0.23813E-03 0.16641E-04
  12.071    0.24588E-03 0.16674E-04
  12.269    0.23821E-03 0.16091E-04
  12.466    0.21595E-03 0.15071E-04
  12.664    0.18381E-03 0.13679E-04
  12.862    0.14749E-03 0.11944E-04
  13.060    0.11195E-03 0.99043E-05
  13.258    0.80612E-04 0.76483E-05
  13.456    0.55235E-04 0.53651E-05
  13.654    0.36210E-04 0.34361E-05
  13.852    0.22985E-04 0.25603E-05
  14.050    0.14495E-04 0.37803E-05
  14.248    0.95025E-05 0.78941E-05
  14.446    0.68397E-05 0.13861E-04
  14.644    0.55388E-05 0.18469E-04
  14.842    0.48890E-05 0.19568E-04
E=2150
   1.978    0.27599E+05 0.53147E-06
   2.176    0.13948E+05 0.60919E-06
   2.374    0.70633E+04 0.67652E-06
   2.572    0.35819E+04 0.72915E-06
   2.769    0.18285E+04 0.76647E-06
   2.967    0.95203E+03 0.79776E-06
   3.165    0.51621E+03 0.84935E-06
   3.363    0.29831E+03 0.96079E-06
   3.561    0.18603E+03 0.11587E-05
   3.758    0.12413E+03 0.14299E-05
   3.956    0.86370E+02 0.17320E-05
   4.154    0.60833E+02 0.20248E-05
   4.352    0.42333E+02 0.22846E-05
   4.550    0.28620E+02 0.24998E-05
   4.748    0.18594E+02 0.26629E-05
   4.945    0.11529E+02 0.27651E-05
   5.143    0.68029E+01 0.27949E-05
   5.341    0.38367E+01 0.27450E-05
   5.539    0.21116E+01 0.26419E-05
   5.737    0.11960E+01 0.26154E-05
   5.935    0.76035E+00 0.29121E-05
   6.132    0.57510E+00 0.35969E-05
   6.330    0.49677E+00 0.43654E-05
   6.528    0.44747E+00 0.49658E-05
   6.726    0.39373E+00 0.53724E-05
   6.924    0.32832E+00 0.56359E-05
   7.121    0.25644E+00 0.57968E-05
   7.319    0.18677E+00 0.58735E-05
   7.517    0.12656E+00 0.58664E-05
   7.715    0.79773E-01 0.57632E-05
   7.913    0.47052E-01 0.55541E-05
   8.111    0.26643E-01 0.52886E-05
   8.308    0.15561E-01 0.52227E-05
   8.506    0.10596E-01 0.58184E-05
   8.704    0.89783E-02 0.70138E-05
   8.902    0.87014E-02 0.81392E-05
   9.100    0.85609E-02 0.89164E-05
   9.298    0.80182E-02 0.94290E-05
   9.496    0.69901E-02 0.97825E-05
   9.693    0.56377E-02 0.10027E-04
   9.891    0.42000E-02 0.10165E-04
  10.089    0.28869E-02 0.10163E-04
  10.287    0.18301E-02 0.99540E-05
  10.485    0.10758E-02 0.94629E-05
  10.683    0.60331E-03 0.87496E-05
  10.880    0.35242E-03 0.84844E-05
  11.078    0.25023E-03 0.10011E-04
  11.276    0.23008E-03 0.12942E-04
  11.474    0.24182E-03 0.15326E-04
  11.672    0.25436E-03 0.16604E-04
  11.870    0.25321E-03 0.17033E-04
  12.068    0.23558E-03 0.16820E-04
  12.265    0.20520E-03 0.16039E-04
  12.463    0.16820E-03 0.14696E-04
  12.661    0.13039E-03 0.12793E-04
  12.859    0.95976E-04 0.10380E-04
  13.057    0.67296E-04 0.76105E-05
  13.255    0.45087E-04 0.48309E-05
  13.453    0.29002E-04 0.27140E-05
  13.651    0.18102E-04 0.24359E-05
  13.848    0.11233E-04 0.56703E-05
  14.046    0.72583E-05 0.13527E-04
  14.244    0.51925E-05 0.23729E-04
  14.442    0.42508E-05 0.30239E-04
  14.640    0.38582E-05 0.29670E-04
  14.838    0.36334E-05 0.24067E-04
E=2200
   1.978    0.24697E+05 0.55019E-06
   2.175    0.12298E+05 0.62763E-06
   2.373    0.61333E+04 0.69285E-06
   2.571    0.30658E+04 0.74187E-06
   2.769    0.15481E+04 0.77628E-06
   2.966    0.80293E+03 0.81127E-06
   3.164    0.43824E+03 0.88151E-06
   3.362    0.25740E+03 0.10287E-05
   3.560    0.16359E+03 0.12670E-05
   3.758    0.11052E+03 0.15655E-05
   3.955    0.76949E+02 0.18759E-05
   4.153    0.53591E+02 0.21622E-05
   4.351    0.36516E+02 0.24057E-05
   4.549    0.23989E+02 0.25972E-05
   4.746    0.15053E+02 0.27283E-05
   4.944    0.89756E+01 0.27883E-05
   5.142    0.50878E+01 0.27666E-05
   5.340    0.27780E+01 0.26734E-05
   5.537    0.15224E+01 0.25987E-05
   5.735    0.90916E+00 0.27776E-05
   5.933    0.64390E+00 0.33883E-05
   6.131    0.53681E+00 0.41906E-05
   6.329    0.48079E+00 0.48488E-05
   6.526    0.42642E+00 0.52868E-05
   6.724    0.35951E+00 0.55572E-05
   6.922    0.28357E+00 0.57127E-05
   7.120    0.20801E+00 0.57810E-05
   7.317    0.14152E+00 0.57694E-05
   7.515    0.89213E-01 0.56729E-05
   7.713    0.52359E-01 0.54870E-05
   7.911    0.29292E-01 0.52576E-05
   8.109    0.16775E-01 0.52104E-05
   8.306    0.11202E-01 0.57611E-05
   8.504    0.94259E-02 0.68428E-05
   8.702    0.91559E-02 0.78311E-05
   8.900    0.90229E-02 0.85028E-05
   9.098    0.84260E-02 0.89633E-05
   9.295    0.72861E-02 0.93201E-05
   9.493    0.57993E-02 0.96231E-05
   9.691    0.42415E-02 0.98762E-05
   9.889    0.28470E-02 0.10042E-04
  10.087    0.17542E-02 0.10030E-04
  10.284    0.10018E-02 0.96906E-05
  10.482    0.55410E-03 0.89304E-05
  10.680    0.33490E-03 0.83100E-05
  10.878    0.25909E-03 0.92709E-05
  11.076    0.25371E-03 0.11664E-04
  11.273    0.26786E-03 0.13995E-04
  11.471    0.27357E-03 0.15714E-04
  11.669    0.26105E-03 0.16817E-04
  11.867    0.23195E-03 0.17313E-04
  12.065    0.19299E-03 0.17133E-04
  12.262    0.15151E-03 0.16168E-04
  12.460    0.11305E-03 0.14337E-04
  12.658    0.80686E-04 0.11677E-04
  12.856    0.55348E-04 0.84500E-05
  13.054    0.36609E-04 0.52545E-05
  13.251    0.23394E-04 0.31316E-05
  13.449    0.14487E-04 0.36874E-05
  13.647    0.87880E-05 0.91501E-05
  13.845    0.53863E-05 0.21608E-04
  14.043    0.35566E-05 0.39382E-04
  14.241    0.27284E-05 0.52657E-04
  14.438    0.24627E-05 0.51984E-04
  14.636    0.24389E-05 0.40339E-04
  14.834    0.24431E-05 0.25281E-04
E=2250
   1.977    0.22086E+05 0.56867E-06
   2.175    0.10835E+05 0.64544E-06
   2.373    0.53217E+04 0.70807E-06
   2.570    0.26239E+04 0.75323E-06
   2.768    0.13128E+04 0.78585E-06
   2.966    0.68044E+03 0.82857E-06
   3.163    0.37524E+03 0.92418E-06
   3.361    0.22447E+03 0.11117E-05
   3.559    0.14515E+03 0.13877E-05
   3.757    0.98825E+02 0.17064E-05
   3.954    0.68479E+02 0.20184E-05
   4.152    0.46932E+02 0.22933E-05
   4.350    0.31190E+02 0.25166E-05
   4.547    0.19847E+02 0.26794E-05
   4.745    0.11999E+02 0.27715E-05
   4.943    0.68724E+01 0.27814E-05
   5.141    0.37532E+01 0.27077E-05
   5.338    0.20107E+01 0.26049E-05
   5.536    0.11331E+01 0.26699E-05
   5.734    0.74232E+00 0.31680E-05
   5.932    0.58648E+00 0.39906E-05
   6.129    0.51745E+00 0.47282E-05
   6.327    0.46212E+00 0.52156E-05
   6.525    0.39500E+00 0.54974E-05
   6.722    0.31590E+00 0.56414E-05
   6.920    0.23444E+00 0.56879E-05
   7.118    0.16088E+00 0.56538E-05
   7.316    0.10192E+00 0.55435E-05
   7.513    0.59775E-01 0.53640E-05
   7.711    0.33108E-01 0.51693E-05
   7.909    0.18514E-01 0.51702E-05
   8.107    0.11978E-01 0.57297E-05
   8.304    0.98998E-02 0.67280E-05
   8.502    0.96208E-02 0.75487E-05
   8.700    0.95338E-02 0.80431E-05
   8.898    0.89264E-02 0.83672E-05
   9.095    0.76998E-02 0.86461E-05
   9.293    0.60792E-02 0.89394E-05
   9.491    0.43838E-02 0.92644E-05
   9.688    0.28822E-02 0.95988E-05
   9.886    0.17283E-02 0.98500E-05
  10.084    0.95887E-03 0.97816E-05
  10.282    0.52447E-03 0.90027E-05
  10.479    0.33163E-03 0.77078E-05
  10.677    0.28043E-03 0.76248E-05
  10.875    0.28907E-03 0.92617E-05
  11.073    0.30440E-03 0.11470E-04
  11.271    0.30112E-03 0.13620E-04
  11.468    0.27456E-03 0.15524E-04
  11.666    0.23150E-03 0.17029E-04
  11.864    0.18224E-03 0.17892E-04
  12.062    0.13554E-03 0.17779E-04
  12.259    0.96476E-04 0.16366E-04
  12.457    0.66582E-04 0.13578E-04
  12.655    0.45000E-04 0.98841E-05
  12.853    0.29874E-04 0.64325E-05
  13.050    0.19354E-04 0.48304E-05
  13.248    0.12054E-04 0.68614E-05
  13.446    0.70885E-05 0.14719E-04
  13.644    0.38980E-05 0.32032E-04
  13.842    0.20616E-05 0.64008E-04
  14.039    0.11959E-05 0.10564E-03
  14.237    0.94640E-06 0.11880E-03
  14.435    0.10219E-05 0.90730E-04
  14.633    0.12206E-05 0.54796E-04
  14.830    0.14236E-05 0.24317E-04
